1.000000	581.395349	0.000000	581.395349	0.000000	581.442000	0.207732	0.083753	0.130235	-0.000266	0.000658	-0.000280	0.000000	NaN	NaN	NaN	NaN	NaN	NaN	NaN
2.000000	581.395349	0.000000	588.235294	0.000000	581.442000	0.245275	0.060671	0.193445	-0.000241	0.000641	-0.000262	0.000000	NaN	NaN	NaN	NaN	NaN	NaN	NaN
3.000000	581.395349	0.000000	595.238095	0.000000	581.442000	0.214738	0.001824	0.060636	0.000008	0.000387	-0.000270	0.000000	NaN	NaN	NaN	NaN	NaN	NaN	NaN
4.000000	581.395349	0.000000	602.409639	0.000000	581.442000	0.147413	0.041808	0.136434	-0.000128	0.000633	-0.000299	0.000000	NaN	NaN	NaN	NaN	NaN	NaN	NaN
5.000000	581.395349	0.000000	609.756098	0.000000	581.442000	0.235584	-0.033919	0.180224	-0.000192	0.000690	-0.000292	0.000000	NaN	NaN	NaN	NaN	NaN	NaN	NaN
6.000000	581.395349	0.000000	617.283951	0.000000	581.442000	0.164198	0.062723	0.169332	-0.000005	0.000512	-0.000287	0.000000	NaN	NaN	NaN	NaN	NaN	NaN	NaN
7.000000	581.395349	0.000000	625.000000	0.000000	581.442000	0.188690	0.049690	0.181708	-0.000075	0.000731	-0.000272	0.000000	NaN	NaN	NaN	NaN	NaN	NaN	NaN
8.000000	581.395349	0.000000	632.911392	0.000000	581.442000	0.187234	0.054067	0.149174	-0.000357	0.000721	-0.000278	0.000000	NaN	NaN	NaN	NaN	NaN	NaN	NaN
9.000000	581.395349	0.000000	641.025641	0.000000	581.442000	0.267569	0.064553	0.219319	-0.000105	0.000646	-0.000303	0.000000	NaN	NaN	NaN	NaN	NaN	NaN	NaN
10.000000	581.395349	0.000000	649.350649	0.000000	581.442000	0.219017	0.093461	0.229563	-0.000261	0.000647	-0.000293	0.000000	NaN	NaN	NaN	NaN	NaN	NaN	NaN
11.000000	581.395349	0.000000	657.894737	0.000000	581.442000	0.143955	0.028982	0.131674	-0.000041	0.000719	-0.000288	0.000000	NaN	NaN	NaN	NaN	NaN	NaN	NaN
12.000000	581.395349	0.000000	666.666667	0.000000	581.442000	0.235480	0.039088	0.111401	-0.000114	0.000396	-0.000277	0.000000	NaN	NaN	NaN	NaN	NaN	NaN	NaN
13.000000	581.395349	0.000000	675.675676	0.000000	581.442000	0.183451	0.072381	0.099890	-0.000253	0.000680	-0.000250	0.000000	NaN	NaN	NaN	NaN	NaN	NaN	NaN
14.000000	581.395349	0.000000	684.931507	0.000000	581.442000	0.138351	0.074627	0.105711	-0.000297	0.000616	-0.000292	0.000000	NaN	NaN	NaN	NaN	NaN	NaN	NaN
15.000000	581.395349	0.000000	694.444444	0.000000	581.442000	0.145686	0.140188	0.090965	-0.000250	0.000766	-0.000270	0.000000	NaN	NaN	NaN	NaN	NaN	NaN	NaN
16.000000	581.395349	0.000000	704.225352	0.000000	581.442000	0.180616	0.056436	0.080422	-0.000079	0.000661	-0.000292	0.000000	NaN	NaN	NaN	NaN	NaN	NaN	NaN
17.000000	581.395349	0.000000	714.285714	0.000000	581.442000	0.186392	0.067881	0.074028	-0.000367	0.000673	-0.000281	0.000000	NaN	NaN	NaN	NaN	NaN	NaN	NaN
18.000000	581.395349	0.000000	724.637681	0.000000	581.442000	0.126315	0.132367	0.075398	-0.000162	0.000779	-0.000282	0.000000	NaN	NaN	NaN	NaN	NaN	NaN	NaN
19.000000	581.395349	0.000000	735.294118	0.000000	581.442000	0.209393	0.042332	0.054250	0.000020	0.000652	-0.000278	0.000000	NaN	NaN	NaN	NaN	NaN	NaN	NaN
20.000000	581.395349	0.000000	746.268657	0.000000	581.442000	0.218973	0.059354	0.047876	-0.000366	0.000581	-0.000265	0.000000	NaN	NaN	NaN	NaN	NaN	NaN	NaN
21.000000	581.395349	0.000000	757.575758	0.000000	581.442000	0.199229	0.014896	0.039864	0.000045	0.000616	-0.000290	0.000000	NaN	NaN	NaN	NaN	NaN	NaN	NaN
22.000000	581.395349	0.000000	769.230769	0.000000	581.442000	0.185174	0.087013	0.025627	-0.000110	0.000606	-0.000294	0.000000	NaN	NaN	NaN	NaN	NaN	NaN	NaN
23.000000	581.395349	0.000000	781.250000	0.000000	581.442000	0.167519	0.042079	0.013244	0.000029	0.000576	-0.000279	0.000000	NaN	NaN	NaN	NaN	NaN	NaN	NaN
24.000000	581.395349	0.000000	793.650794	0.000000	581.442000	0.147762	0.016379	0.015770	-0.000143	0.000670	-0.000283	0.000000	NaN	NaN	NaN	NaN	NaN	NaN	NaN
25.000000	588.235294	0.000000	581.395349	0.000000	588.238500	0.131207	0.073941	0.124713	-0.000172	0.000788	-0.000278	0.000000	NaN	NaN	NaN	NaN	NaN	NaN	NaN
26.000000	588.235294	0.000000	588.235294	0.000000	588.238500	0.168750	0.117571	0.209197	-0.000345	0.000713	-0.000270	0.000000	NaN	NaN	NaN	NaN	NaN	NaN	NaN
27.000000	588.235294	0.000000	595.238095	0.000000	588.238500	0.204925	0.058724	0.069602	-0.000159	0.000781	-0.000249	0.000000	NaN	NaN	NaN	NaN	NaN	NaN	NaN
28.000000	588.235294	0.000000	602.409639	0.000000	588.238500	0.204313	0.098708	0.149108	-0.000124	0.000714	-0.000284	0.000000	NaN	NaN	NaN	NaN	NaN	NaN	NaN
29.000000	588.235294	0.000000	609.756098	0.000000	588.238500	0.159059	0.022981	0.182258	-0.000059	0.000790	-0.000299	0.000000	NaN	NaN	NaN	NaN	NaN	NaN	NaN
30.000000	588.235294	0.000000	617.283951	0.000000	588.238500	0.221098	0.052911	0.178062	-0.000349	0.000677	-0.000258	0.000000	NaN	NaN	NaN	NaN	NaN	NaN	NaN
31.000000	588.235294	0.000000	625.000000	0.000000	588.238500	0.245590	0.106591	0.183352	-0.000086	0.000698	-0.000286	0.000000	NaN	NaN	NaN	NaN	NaN	NaN	NaN
32.000000	588.235294	0.000000	632.911392	0.000000	588.238500	0.110708	0.044254	0.145003	-0.000367	0.000719	-0.000302	0.000000	NaN	NaN	NaN	NaN	NaN	NaN	NaN
33.000000	588.235294	0.000000	641.025641	0.000000	588.238500	0.191043	0.054741	0.226805	-0.000282	0.000550	-0.000306	0.000000	NaN	NaN	NaN	NaN	NaN	NaN	NaN
34.000000	588.235294	0.000000	649.350649	0.000000	588.238500	0.275917	0.016935	0.241404	-0.000314	0.000658	-0.000286	0.000000	NaN	NaN	NaN	NaN	NaN	NaN	NaN
35.000000	588.235294	0.000000	657.894737	0.000000	588.238500	0.200855	0.085882	0.137056	-0.000301	0.000768	-0.000291	0.000000	NaN	NaN	NaN	NaN	NaN	NaN	NaN
36.000000	588.235294	0.000000	666.666667	0.000000	588.238500	0.158954	0.095988	0.110731	-0.000202	0.000578	-0.000291	0.000000	NaN	NaN	NaN	NaN	NaN	NaN	NaN
37.000000	588.235294	0.000000	675.675676	0.000000	588.238500	0.173638	-0.004144	0.104019	-0.000312	0.000538	-0.000297	0.000000	NaN	NaN	NaN	NaN	NaN	NaN	NaN
38.000000	588.235294	0.000000	684.931507	0.000000	588.238500	0.195251	-0.001899	0.109018	-0.000236	0.000669	-0.000298	0.000000	NaN	NaN	NaN	NaN	NaN	NaN	NaN
39.000000	588.235294	0.000000	694.444444	0.000000	588.238500	0.202586	0.063663	0.100896	-0.000361	0.000614	-0.000313	0.000000	NaN	NaN	NaN	NaN	NaN	NaN	NaN
40.000000	588.235294	0.000000	704.225352	0.000000	588.238500	0.237517	0.046623	0.092833	-0.000218	0.000792	-0.000283	0.000000	NaN	NaN	NaN	NaN	NaN	NaN	NaN
41.000000	588.235294	0.000000	714.285714	0.000000	588.238500	0.176579	-0.008644	0.081568	-0.000174	0.000737	-0.000286	0.000000	NaN	NaN	NaN	NaN	NaN	NaN	NaN
42.000000	588.235294	0.000000	724.637681	0.000000	588.238500	0.183215	0.055841	0.083698	-0.000154	0.000604	-0.000280	0.000000	NaN	NaN	NaN	NaN	NaN	NaN	NaN
43.000000	588.235294	0.000000	735.294118	0.000000	588.238500	0.266293	0.099232	0.059439	-0.000262	0.000816	-0.000269	0.000000	NaN	NaN	NaN	NaN	NaN	NaN	NaN
44.000000	588.235294	0.000000	746.268657	0.000000	588.238500	0.275873	0.049541	0.050206	-0.000281	0.000863	-0.000287	0.000000	NaN	NaN	NaN	NaN	NaN	NaN	NaN
45.000000	588.235294	0.000000	757.575758	0.000000	588.238500	0.256129	0.071796	0.044905	0.000246	0.000926	-0.000276	0.000000	NaN	NaN	NaN	NaN	NaN	NaN	NaN
46.000000	588.235294	0.000000	769.230769	0.000000	588.238500	0.242074	0.010488	0.028429	-0.000147	0.000819	-0.000278	0.000000	NaN	NaN	NaN	NaN	NaN	NaN	NaN
47.000000	588.235294	0.000000	781.250000	0.000000	588.238500	0.224419	0.098979	0.016043	-0.000106	0.000472	-0.000282	0.000000	NaN	NaN	NaN	NaN	NaN	NaN	NaN
48.000000	588.235294	0.000000	793.650794	0.000000	588.238500	0.204662	0.073279	0.016382	0.000110	0.000665	-0.000297	0.000000	NaN	NaN	NaN	NaN	NaN	NaN	NaN
49.000000	595.238095	0.000000	581.395349	0.000000	595.240400	0.256129	0.065438	0.085409	-0.000178	0.000868	-0.000272	0.000000	NaN	NaN	NaN	NaN	NaN	NaN	NaN
50.000000	595.238095	0.000000	588.235294	0.000000	595.240400	0.160247	0.109068	0.147772	-0.000155	0.000759	-0.000283	0.000000	NaN	NaN	NaN	NaN	NaN	NaN	NaN
51.000000	595.238095	0.000000	595.238095	0.000000	595.240400	0.196422	0.050221	0.076130	-0.000110	0.000751	-0.000278	0.000000	NaN	NaN	NaN	NaN	NaN	NaN	NaN
52.000000	595.238095	0.000000	602.409639	0.000000	595.240400	0.195810	0.090205	0.154610	0.000014	0.000770	-0.000289	0.000000	NaN	NaN	NaN	NaN	NaN	NaN	NaN
53.000000	595.238095	0.000000	609.756098	0.000000	595.240400	0.150556	0.081191	0.153667	-0.000145	0.000660	-0.000304	0.000000	NaN	NaN	NaN	NaN	NaN	NaN	NaN
54.000000	595.238095	0.000000	617.283951	0.000000	595.240400	0.212595	0.044408	0.141179	-0.000389	0.000677	-0.000278	0.000000	NaN	NaN	NaN	NaN	NaN	NaN	NaN
55.000000	595.238095	0.000000	625.000000	0.000000	595.240400	0.237087	0.098088	0.154484	-0.000142	0.000775	-0.000291	0.000000	NaN	NaN	NaN	NaN	NaN	NaN	NaN
56.000000	595.238095	0.000000	632.911392	0.000000	595.240400	0.168918	0.035751	0.123955	-0.000240	0.000772	-0.000307	0.000000	NaN	NaN	NaN	NaN	NaN	NaN	NaN
57.000000	595.238095	0.000000	641.025641	0.000000	595.240400	0.182541	0.046238	0.189985	-0.000121	0.000798	-0.000287	0.000000	NaN	NaN	NaN	NaN	NaN	NaN	NaN
58.000000	595.238095	0.000000	649.350649	0.000000	595.240400	0.267414	0.008433	0.198652	-0.000275	0.000916	-0.000282	0.000000	NaN	NaN	NaN	NaN	NaN	NaN	NaN
59.000000	595.238095	0.000000	657.894737	0.000000	595.240400	0.058927	0.077380	0.115919	-0.000049	0.000856	-0.000272	0.000000	NaN	NaN	NaN	NaN	NaN	NaN	NaN
60.000000	595.238095	0.000000	666.666667	0.000000	595.240400	0.150451	0.087485	0.097986	-0.000200	0.000534	-0.000274	0.000000	NaN	NaN	NaN	NaN	NaN	NaN	NaN
61.000000	595.238095	0.000000	675.675676	0.000000	595.240400	0.165135	0.054066	0.094067	-0.000003	0.000567	-0.000274	0.000000	NaN	NaN	NaN	NaN	NaN	NaN	NaN
62.000000	595.238095	0.000000	684.931507	0.000000	595.240400	0.186748	0.056311	0.095005	-0.000073	0.000515	-0.000255	0.000000	NaN	NaN	NaN	NaN	NaN	NaN	NaN
63.000000	595.238095	0.000000	694.444444	0.000000	595.240400	0.194083	0.055160	0.087744	0.000076	0.000687	-0.000313	0.000000	NaN	NaN	NaN	NaN	NaN	NaN	NaN
64.000000	595.238095	0.000000	704.225352	0.000000	595.240400	0.229014	0.038120	0.081938	0.000025	0.000873	-0.000319	0.000000	NaN	NaN	NaN	NaN	NaN	NaN	NaN
65.000000	595.238095	0.000000	714.285714	0.000000	595.240400	0.168076	-0.017147	0.074094	-0.000041	0.000479	-0.000286	0.000000	NaN	NaN	NaN	NaN	NaN	NaN	NaN
66.000000	595.238095	0.000000	724.637681	0.000000	595.240400	0.174712	0.047339	0.071382	-0.000227	0.000686	-0.000308	0.000000	NaN	NaN	NaN	NaN	NaN	NaN	NaN
67.000000	595.238095	0.000000	735.294118	0.000000	595.240400	0.124365	0.090729	0.057731	-0.000082	0.000684	-0.000286	0.000000	NaN	NaN	NaN	NaN	NaN	NaN	NaN
68.000000	595.238095	0.000000	746.268657	0.000000	595.240400	0.133945	0.041038	0.052296	-0.000234	0.000850	-0.000279	0.000000	NaN	NaN	NaN	NaN	NaN	NaN	NaN
69.000000	595.238095	0.000000	757.575758	0.000000	595.240400	0.247626	0.063293	0.040758	-0.000185	0.000735	-0.000282	0.000000	NaN	NaN	NaN	NaN	NaN	NaN	NaN
70.000000	595.238095	0.000000	769.230769	0.000000	595.240400	0.100146	0.001985	0.022209	-0.000134	0.000750	-0.000269	0.000000	NaN	NaN	NaN	NaN	NaN	NaN	NaN
71.000000	595.238095	0.000000	781.250000	0.000000	595.240400	0.215916	0.090476	0.014539	-0.000217	0.000635	-0.000297	0.000000	NaN	NaN	NaN	NaN	NaN	NaN	NaN
72.000000	595.238095	0.000000	793.650794	0.000000	595.240400	0.196160	0.064777	0.012840	-0.000030	0.000667	-0.000295	0.000000	NaN	NaN	NaN	NaN	NaN	NaN	NaN
73.000000	602.409639	0.000000	581.395349	0.000000	602.447300	0.187013	-0.003679	0.048130	-0.000145	0.000748	-0.000289	0.000000	NaN	NaN	NaN	NaN	NaN	NaN	NaN
74.000000	602.409639	0.000000	588.235294	0.000000	602.447300	0.224556	0.039951	0.084244	-0.000177	0.000828	-0.000289	0.000000	NaN	NaN	NaN	NaN	NaN	NaN	NaN
75.000000	602.409639	0.000000	595.238095	0.000000	602.447300	0.260731	0.047817	0.066676	-0.000049	0.000670	-0.000266	0.000000	NaN	NaN	NaN	NaN	NaN	NaN	NaN
76.000000	602.409639	0.000000	602.409639	0.000000	602.447300	0.126694	0.021089	0.144609	-0.000287	0.000770	-0.000272	0.000000	NaN	NaN	NaN	NaN	NaN	NaN	NaN
77.000000	602.409639	0.000000	609.756098	0.000000	602.447300	0.281578	0.012074	0.157522	-0.000121	0.000757	-0.000261	0.000000	NaN	NaN	NaN	NaN	NaN	NaN	NaN
78.000000	602.409639	0.000000	617.283951	0.000000	602.447300	0.210191	0.108717	0.127602	-0.000225	0.000644	-0.000273	0.000000	NaN	NaN	NaN	NaN	NaN	NaN	NaN
79.000000	602.409639	0.000000	625.000000	0.000000	602.447300	0.167970	0.028971	0.130501	-0.000208	0.000811	-0.000270	0.000000	NaN	NaN	NaN	NaN	NaN	NaN	NaN
80.000000	602.409639	0.000000	632.911392	0.000000	602.447300	0.233227	0.100060	0.111844	-0.000147	0.000701	-0.000286	0.000000	NaN	NaN	NaN	NaN	NaN	NaN	NaN
81.000000	602.409639	0.000000	641.025641	0.000000	602.447300	0.113424	0.110547	0.162042	-0.000140	0.000666	-0.000272	0.000000	NaN	NaN	NaN	NaN	NaN	NaN	NaN
82.000000	602.409639	0.000000	649.350649	0.000000	602.447300	0.198297	0.072741	0.160924	-0.000142	0.000630	-0.000288	0.000000	NaN	NaN	NaN	NaN	NaN	NaN	NaN
83.000000	602.409639	0.000000	657.894737	0.000000	602.447300	0.189948	0.074976	0.103457	-0.000194	0.000706	-0.000276	0.000000	NaN	NaN	NaN	NaN	NaN	NaN	NaN
84.000000	602.409639	0.000000	666.666667	0.000000	602.447300	0.214760	0.018368	0.081479	-0.000202	0.000746	-0.000299	0.000000	NaN	NaN	NaN	NaN	NaN	NaN	NaN
85.000000	602.409639	0.000000	675.675676	0.000000	602.447300	0.229444	0.118375	0.084398	-0.000006	0.000699	-0.000269	0.000000	NaN	NaN	NaN	NaN	NaN	NaN	NaN
86.000000	602.409639	0.000000	684.931507	0.000000	602.447300	0.184344	0.120620	0.085439	-0.000236	0.000901	-0.000291	0.000000	NaN	NaN	NaN	NaN	NaN	NaN	NaN
87.000000	602.409639	0.000000	694.444444	0.000000	602.447300	0.191679	-0.013957	0.078901	-0.000174	0.000618	-0.000273	0.000000	NaN	NaN	NaN	NaN	NaN	NaN	NaN
88.000000	602.409639	0.000000	704.225352	0.000000	602.447300	0.159897	0.102429	0.078919	-0.000122	0.000627	-0.000303	0.000000	NaN	NaN	NaN	NaN	NaN	NaN	NaN
89.000000	602.409639	0.000000	714.285714	0.000000	602.447300	0.232385	0.113875	0.068491	-0.000124	0.000340	-0.000293	0.000000	NaN	NaN	NaN	NaN	NaN	NaN	NaN
90.000000	602.409639	0.000000	724.637681	0.000000	602.447300	0.172308	-0.021778	0.066128	-0.000163	0.000625	-0.000282	0.000000	NaN	NaN	NaN	NaN	NaN	NaN	NaN
91.000000	602.409639	0.000000	735.294118	0.000000	602.447300	0.188673	0.088325	0.047275	-0.000268	0.000665	-0.000279	0.000000	NaN	NaN	NaN	NaN	NaN	NaN	NaN
92.000000	602.409639	0.000000	746.268657	0.000000	602.447300	0.198254	0.105347	0.044637	0.000105	0.000591	-0.000284	0.000000	NaN	NaN	NaN	NaN	NaN	NaN	NaN
93.000000	602.409639	0.000000	757.575758	0.000000	602.447300	0.178509	-0.005824	0.037628	-0.000106	0.000552	-0.000294	0.000000	NaN	NaN	NaN	NaN	NaN	NaN	NaN
94.000000	602.409639	0.000000	769.230769	0.000000	602.447300	0.231168	0.066294	0.022508	-0.000179	0.000557	-0.000295	0.000000	NaN	NaN	NaN	NaN	NaN	NaN	NaN
95.000000	602.409639	0.000000	781.250000	0.000000	602.447300	0.146799	0.021359	0.011116	-0.000136	0.000732	-0.000275	0.000000	NaN	NaN	NaN	NaN	NaN	NaN	NaN
96.000000	602.409639	0.000000	793.650794	0.000000	602.447300	0.193756	0.062373	0.009887	-0.000061	0.000593	-0.000289	0.000000	NaN	NaN	NaN	NaN	NaN	NaN	NaN
97.000000	609.756098	0.000000	581.395349	0.000000	609.756400	0.132906	0.075640	0.037371	-0.000327	0.000408	-0.000292	0.000000	NaN	NaN	NaN	NaN	NaN	NaN	NaN
98.000000	609.756098	0.000000	588.235294	0.000000	609.756400	0.170449	0.119270	0.060780	-0.000106	0.000713	-0.000296	0.000000	NaN	NaN	NaN	NaN	NaN	NaN	NaN
99.000000	609.756098	0.000000	595.238095	0.000000	609.756400	0.206624	0.060423	0.052690	-0.000063	0.000607	-0.000275	0.000000	NaN	NaN	NaN	NaN	NaN	NaN	NaN
100.000000	609.756098	0.000000	602.409639	0.000000	609.756400	0.206012	0.100407	0.146382	-0.000376	0.000655	-0.000279	0.000000	NaN	NaN	NaN	NaN	NaN	NaN	NaN
101.000000	609.756098	0.000000	609.756098	0.000000	609.756400	0.160758	0.091393	0.207077	-0.000401	0.000974	-0.000272	0.000000	NaN	NaN	NaN	NaN	NaN	NaN	NaN
102.000000	609.756098	0.000000	617.283951	0.000000	609.756400	0.222797	0.054610	0.163898	-0.000410	0.000819	-0.000288	0.000000	NaN	NaN	NaN	NaN	NaN	NaN	NaN
103.000000	609.756098	0.000000	625.000000	0.000000	609.756400	0.247289	0.108290	0.141443	-0.000085	0.000685	-0.000278	0.000000	NaN	NaN	NaN	NaN	NaN	NaN	NaN
104.000000	609.756098	0.000000	632.911392	0.000000	609.756400	0.179120	0.045953	0.111636	-0.000205	0.000641	-0.000301	0.000000	NaN	NaN	NaN	NaN	NaN	NaN	NaN
105.000000	609.756098	0.000000	641.025641	0.000000	609.756400	0.192743	0.056440	0.174813	-0.000290	0.000731	-0.000275	0.000000	NaN	NaN	NaN	NaN	NaN	NaN	NaN
106.000000	609.756098	0.000000	649.350649	0.000000	609.756400	0.144191	0.018635	0.180935	-0.000228	0.000649	-0.000311	0.000000	NaN	NaN	NaN	NaN	NaN	NaN	NaN
107.000000	609.756098	0.000000	657.894737	0.000000	609.756400	0.202554	0.087581	0.115598	-0.000338	0.000729	-0.000302	0.000000	NaN	NaN	NaN	NaN	NaN	NaN	NaN
108.000000	609.756098	0.000000	666.666667	0.000000	609.756400	0.160653	0.097687	0.093939	-0.000078	0.000554	-0.000273	0.000000	NaN	NaN	NaN	NaN	NaN	NaN	NaN
109.000000	609.756098	0.000000	675.675676	0.000000	609.756400	0.175337	0.064268	0.090140	-0.000005	0.000596	-0.000282	0.000000	NaN	NaN	NaN	NaN	NaN	NaN	NaN
110.000000	609.756098	0.000000	684.931507	0.000000	609.756400	0.196950	0.066513	0.097619	-0.000160	0.000512	-0.000293	0.000000	NaN	NaN	NaN	NaN	NaN	NaN	NaN
111.000000	609.756098	0.000000	694.444444	0.000000	609.756400	0.204285	0.065362	0.087664	-0.000240	0.000554	-0.000281	0.000000	NaN	NaN	NaN	NaN	NaN	NaN	NaN
112.000000	609.756098	0.000000	704.225352	0.000000	609.756400	0.239216	0.048322	0.085695	-0.000257	0.000724	-0.000282	0.000000	NaN	NaN	NaN	NaN	NaN	NaN	NaN
113.000000	609.756098	0.000000	714.285714	0.000000	609.756400	0.178278	-0.006945	0.081245	-0.000197	0.000610	-0.000290	0.000000	NaN	NaN	NaN	NaN	NaN	NaN	NaN
114.000000	609.756098	0.000000	724.637681	0.000000	609.756400	0.184914	0.057541	0.078910	-0.000054	0.000529	-0.000263	0.000000	NaN	NaN	NaN	NaN	NaN	NaN	NaN
115.000000	609.756098	0.000000	735.294118	0.000000	609.756400	0.134567	0.100931	0.059130	-0.000246	0.000598	-0.000274	0.000000	NaN	NaN	NaN	NaN	NaN	NaN	NaN
116.000000	609.756098	0.000000	746.268657	0.000000	609.756400	0.144147	0.051240	0.052983	0.000079	0.000577	-0.000285	0.000000	NaN	NaN	NaN	NaN	NaN	NaN	NaN
117.000000	609.756098	0.000000	757.575758	0.000000	609.756400	0.124403	0.073495	0.042982	0.000115	0.000452	-0.000286	0.000000	NaN	NaN	NaN	NaN	NaN	NaN	NaN
118.000000	609.756098	0.000000	769.230769	0.000000	609.756400	0.110348	0.012187	0.024720	0.000146	0.000451	-0.000264	0.000000	NaN	NaN	NaN	NaN	NaN	NaN	NaN
119.000000	609.756098	0.000000	781.250000	0.000000	609.756400	0.226118	0.100678	0.014974	-0.000063	0.000715	-0.000280	0.000000	NaN	NaN	NaN	NaN	NaN	NaN	NaN
120.000000	609.756098	0.000000	793.650794	0.000000	609.756400	0.206362	0.074978	0.011648	-0.000125	0.000643	-0.000283	0.000000	NaN	NaN	NaN	NaN	NaN	NaN	NaN
121.000000	617.283951	0.000000	581.395349	0.000000	617.270600	0.124258	0.066992	0.039651	-0.000135	0.000483	-0.000297	0.000000	NaN	NaN	NaN	NaN	NaN	NaN	NaN
122.000000	617.283951	0.000000	588.235294	0.000000	617.270600	0.161801	0.110622	0.055371	0.000041	0.000329	-0.000280	0.000000	NaN	NaN	NaN	NaN	NaN	NaN	NaN
123.000000	617.283951	0.000000	595.238095	0.000000	617.270600	0.197976	0.118488	0.040261	-0.000096	0.000645	-0.000318	0.000000	NaN	NaN	NaN	NaN	NaN	NaN	NaN
124.000000	617.283951	0.000000	602.409639	0.000000	617.270600	0.197364	0.091759	0.125755	-0.000208	0.000727	-0.000278	0.000000	NaN	NaN	NaN	NaN	NaN	NaN	NaN
125.000000	617.283951	0.000000	609.756098	0.000000	617.270600	0.218822	0.082745	0.197448	-0.000270	0.000669	-0.000270	0.000000	NaN	NaN	NaN	NaN	NaN	NaN	NaN
126.000000	617.283951	0.000000	617.283951	0.000000	617.270600	0.147436	0.045962	0.208120	-0.000330	0.000692	-0.000302	0.000000	NaN	NaN	NaN	NaN	NaN	NaN	NaN
127.000000	617.283951	0.000000	625.000000	0.000000	617.270600	0.238641	0.099641	0.174493	-0.000296	0.000527	-0.000270	0.000000	NaN	NaN	NaN	NaN	NaN	NaN	NaN
128.000000	617.283951	0.000000	632.911392	0.000000	617.270600	0.170472	0.037305	0.118314	-0.000304	0.000550	-0.000290	0.000000	NaN	NaN	NaN	NaN	NaN	NaN	NaN
129.000000	617.283951	0.000000	641.025641	0.000000	617.270600	0.184094	0.047792	0.180757	-0.000255	0.000511	-0.000279	0.000000	NaN	NaN	NaN	NaN	NaN	NaN	NaN
130.000000	617.283951	0.000000	649.350649	0.000000	617.270600	0.135542	0.009986	0.188805	-0.000201	0.000658	-0.000274	0.000000	NaN	NaN	NaN	NaN	NaN	NaN	NaN
131.000000	617.283951	0.000000	657.894737	0.000000	617.270600	0.193906	0.078933	0.112309	0.000163	0.000691	-0.000275	0.000000	NaN	NaN	NaN	NaN	NaN	NaN	NaN
132.000000	617.283951	0.000000	666.666667	0.000000	617.270600	0.152005	0.089039	0.098520	0.000001	0.000487	-0.000302	0.000000	NaN	NaN	NaN	NaN	NaN	NaN	NaN
133.000000	617.283951	0.000000	675.675676	0.000000	617.270600	0.166689	0.055620	0.100447	-0.000077	0.000556	-0.000293	0.000000	NaN	NaN	NaN	NaN	NaN	NaN	NaN
134.000000	617.283951	0.000000	684.931507	0.000000	617.270600	0.255015	0.057865	0.099058	-0.000162	0.000495	-0.000279	0.000000	NaN	NaN	NaN	NaN	NaN	NaN	NaN
135.000000	617.283951	0.000000	694.444444	0.000000	617.270600	0.195637	0.056714	0.098018	-0.000078	0.000708	-0.000294	0.000000	NaN	NaN	NaN	NaN	NaN	NaN	NaN
136.000000	617.283951	0.000000	704.225352	0.000000	617.270600	0.230567	0.039674	0.093777	-0.000310	0.000643	-0.000302	0.000000	NaN	NaN	NaN	NaN	NaN	NaN	NaN
137.000000	617.283951	0.000000	714.285714	0.000000	617.270600	0.169630	0.051119	0.088723	-0.000268	0.000796	-0.000301	0.000000	NaN	NaN	NaN	NaN	NaN	NaN	NaN
138.000000	617.283951	0.000000	724.637681	0.000000	617.270600	0.176266	0.048892	0.086770	-0.000032	0.000594	-0.000288	0.000000	NaN	NaN	NaN	NaN	NaN	NaN	NaN
139.000000	617.283951	0.000000	735.294118	0.000000	617.270600	0.125918	0.025570	0.064874	-0.000081	0.000525	-0.000291	0.000000	NaN	NaN	NaN	NaN	NaN	NaN	NaN
140.000000	617.283951	0.000000	746.268657	0.000000	617.270600	0.135499	0.042592	0.055904	-0.000097	0.000617	-0.000295	0.000000	NaN	NaN	NaN	NaN	NaN	NaN	NaN
141.000000	617.283951	0.000000	757.575758	0.000000	617.270600	0.249180	0.064847	0.044606	-0.000026	0.000714	-0.000283	0.000000	NaN	NaN	NaN	NaN	NaN	NaN	NaN
142.000000	617.283951	0.000000	769.230769	0.000000	617.270600	0.168412	0.003539	0.030596	-0.000321	0.000544	-0.000293	0.000000	NaN	NaN	NaN	NaN	NaN	NaN	NaN
143.000000	617.283951	0.000000	781.250000	0.000000	617.270600	0.217470	0.092030	0.017374	-0.000123	0.000443	-0.000265	0.000000	NaN	NaN	NaN	NaN	NaN	NaN	NaN
144.000000	617.283951	0.000000	793.650794	0.000000	617.270600	0.264426	0.066330	0.015058	0.000075	0.000649	-0.000299	0.000000	NaN	NaN	NaN	NaN	NaN	NaN	NaN
145.000000	625.000000	0.000000	581.395349	0.000000	624.989600	0.222738	0.032046	0.042583	-0.000065	0.000807	-0.000282	0.000000	NaN	NaN	NaN	NaN	NaN	NaN	NaN
146.000000	625.000000	0.000000	588.235294	0.000000	624.989600	0.126855	0.075676	0.055006	-0.000110	0.000643	-0.000298	0.000000	NaN	NaN	NaN	NaN	NaN	NaN	NaN
147.000000	625.000000	0.000000	595.238095	0.000000	624.989600	0.163030	0.083542	0.030581	0.000208	0.000557	-0.000283	0.000000	NaN	NaN	NaN	NaN	NaN	NaN	NaN
148.000000	625.000000	0.000000	602.409639	0.000000	624.989600	0.162418	0.056814	0.097312	-0.000115	0.000565	-0.000284	0.000000	NaN	NaN	NaN	NaN	NaN	NaN	NaN
149.000000	625.000000	0.000000	609.756098	0.000000	624.989600	0.183877	0.047799	0.167488	-0.000265	0.000612	-0.000280	0.000000	NaN	NaN	NaN	NaN	NaN	NaN	NaN
150.000000	625.000000	0.000000	617.283951	0.000000	624.989600	0.245916	0.011016	0.194969	-0.000245	0.000755	-0.000245	0.000000	NaN	NaN	NaN	NaN	NaN	NaN	NaN
151.000000	625.000000	0.000000	625.000000	0.000000	624.989600	0.203695	0.064696	0.221625	-0.000299	0.000892	-0.000281	0.000000	NaN	NaN	NaN	NaN	NaN	NaN	NaN
152.000000	625.000000	0.000000	632.911392	0.000000	624.989600	0.268952	0.135785	0.150303	-0.000224	0.000845	-0.000291	0.000000	NaN	NaN	NaN	NaN	NaN	NaN	NaN
153.000000	625.000000	0.000000	641.025641	0.000000	624.989600	0.149149	0.012846	0.191419	-0.000302	0.000472	-0.000265	0.000000	NaN	NaN	NaN	NaN	NaN	NaN	NaN
154.000000	625.000000	0.000000	649.350649	0.000000	624.989600	0.234022	0.108466	0.190359	-0.000322	0.000775	-0.000316	0.000000	NaN	NaN	NaN	NaN	NaN	NaN	NaN
155.000000	625.000000	0.000000	657.894737	0.000000	624.989600	0.158961	0.110700	0.119205	-0.000325	0.000629	-0.000326	0.000000	NaN	NaN	NaN	NaN	NaN	NaN	NaN
156.000000	625.000000	0.000000	666.666667	0.000000	624.989600	0.117060	0.054093	0.103030	-0.000069	0.000699	-0.000262	0.000000	NaN	NaN	NaN	NaN	NaN	NaN	NaN
157.000000	625.000000	0.000000	675.675676	0.000000	624.989600	0.265169	0.020674	0.100075	-0.000215	0.000643	-0.000287	0.000000	NaN	NaN	NaN	NaN	NaN	NaN	NaN
158.000000	625.000000	0.000000	684.931507	0.000000	624.989600	0.220069	0.022920	0.101409	-0.000213	0.000841	-0.000283	0.000000	NaN	NaN	NaN	NaN	NaN	NaN	NaN
159.000000	625.000000	0.000000	694.444444	0.000000	624.989600	0.227404	0.021768	0.099458	-0.000201	0.000693	-0.000286	0.000000	NaN	NaN	NaN	NaN	NaN	NaN	NaN
160.000000	625.000000	0.000000	704.225352	0.000000	624.989600	0.195622	0.004728	0.096303	-0.000109	0.000612	-0.000303	0.000000	NaN	NaN	NaN	NaN	NaN	NaN	NaN
161.000000	625.000000	0.000000	714.285714	0.000000	624.989600	0.268110	0.149599	0.092887	0.000120	0.000607	-0.000287	0.000000	NaN	NaN	NaN	NaN	NaN	NaN	NaN
162.000000	625.000000	0.000000	724.637681	0.000000	624.989600	0.208033	0.013947	0.093005	-0.000244	0.000513	-0.000314	0.000000	NaN	NaN	NaN	NaN	NaN	NaN	NaN
163.000000	625.000000	0.000000	735.294118	0.000000	624.989600	0.224398	0.124050	0.069824	0.000060	0.000780	-0.000271	0.000000	NaN	NaN	NaN	NaN	NaN	NaN	NaN
164.000000	625.000000	0.000000	746.268657	0.000000	624.989600	0.233979	0.007646	0.063319	-0.000201	0.000711	-0.000262	0.000000	NaN	NaN	NaN	NaN	NaN	NaN	NaN
165.000000	625.000000	0.000000	757.575758	0.000000	624.989600	0.214234	0.029901	0.054813	-0.000308	0.000783	-0.000307	0.000000	NaN	NaN	NaN	NaN	NaN	NaN	NaN
166.000000	625.000000	0.000000	769.230769	0.000000	624.989600	0.266892	0.102019	0.035732	-0.000129	0.000653	-0.000297	0.000000	NaN	NaN	NaN	NaN	NaN	NaN	NaN
167.000000	625.000000	0.000000	781.250000	0.000000	624.989600	0.182524	0.057084	0.021801	-0.000126	0.000798	-0.000277	0.000000	NaN	NaN	NaN	NaN	NaN	NaN	NaN
168.000000	625.000000	0.000000	793.650794	0.000000	624.989600	0.229481	0.031385	0.019983	-0.000124	0.000572	-0.000318	0.000000	NaN	NaN	NaN	NaN	NaN	NaN	NaN
169.000000	632.911392	0.000000	581.395349	0.000000	632.913600	0.156436	0.099170	0.028026	-0.000061	0.000687	-0.000276	0.000000	NaN	NaN	NaN	NaN	NaN	NaN	NaN
170.000000	632.911392	0.000000	588.235294	0.000000	632.913600	0.193979	0.009374	0.041293	-0.000206	0.000598	-0.000286	0.000000	NaN	NaN	NaN	NaN	NaN	NaN	NaN
171.000000	632.911392	0.000000	595.238095	0.000000	632.913600	0.230154	0.017241	0.018733	-0.000161	0.000590	-0.000301	0.000000	NaN	NaN	NaN	NaN	NaN	NaN	NaN
172.000000	632.911392	0.000000	602.409639	0.000000	632.913600	0.229542	-0.009488	0.068231	-0.000258	0.000859	-0.000295	0.000000	NaN	NaN	NaN	NaN	NaN	NaN	NaN
173.000000	632.911392	0.000000	609.756098	0.000000	632.913600	0.251001	0.114923	0.116220	-0.000047	0.000650	-0.000312	0.000000	NaN	NaN	NaN	NaN	NaN	NaN	NaN
174.000000	632.911392	0.000000	617.283951	0.000000	632.913600	0.179615	0.078140	0.130653	-0.000228	0.000665	-0.000293	0.000000	NaN	NaN	NaN	NaN	NaN	NaN	NaN
175.000000	632.911392	0.000000	625.000000	0.000000	632.913600	0.137394	-0.001606	0.159492	-0.000354	0.000885	-0.000276	0.000000	NaN	NaN	NaN	NaN	NaN	NaN	NaN
176.000000	632.911392	0.000000	632.911392	0.000000	632.913600	0.202650	0.069483	0.153258	-0.000289	0.000719	-0.000298	0.000000	NaN	NaN	NaN	NaN	NaN	NaN	NaN
177.000000	632.911392	0.000000	641.025641	0.000000	632.913600	0.216273	0.079970	0.205223	-0.000237	0.000570	-0.000309	0.000000	NaN	NaN	NaN	NaN	NaN	NaN	NaN
178.000000	632.911392	0.000000	649.350649	0.000000	632.913600	0.167721	0.042165	0.183881	-0.000431	0.000772	-0.000299	0.000000	NaN	NaN	NaN	NaN	NaN	NaN	NaN
179.000000	632.911392	0.000000	657.894737	0.000000	632.913600	0.226085	0.044399	0.094720	-0.000183	0.000927	-0.000280	0.000000	NaN	NaN	NaN	NaN	NaN	NaN	NaN
180.000000	632.911392	0.000000	666.666667	0.000000	632.913600	0.184184	-0.012209	0.079381	0.000088	0.000494	-0.000253	0.000000	NaN	NaN	NaN	NaN	NaN	NaN	NaN
181.000000	632.911392	0.000000	675.675676	0.000000	632.913600	0.198867	0.087798	0.081430	-0.000053	0.000576	-0.000291	0.000000	NaN	NaN	NaN	NaN	NaN	NaN	NaN
182.000000	632.911392	0.000000	684.931507	0.000000	632.913600	0.153768	0.090044	0.084201	-0.000066	0.000588	-0.000272	0.000000	NaN	NaN	NaN	NaN	NaN	NaN	NaN
183.000000	632.911392	0.000000	694.444444	0.000000	632.913600	0.161102	0.088892	0.080704	-0.000102	0.000503	-0.000312	0.000000	NaN	NaN	NaN	NaN	NaN	NaN	NaN
184.000000	632.911392	0.000000	704.225352	0.000000	632.913600	0.129320	0.071852	0.076656	-0.000031	0.000466	-0.000294	0.000000	NaN	NaN	NaN	NaN	NaN	NaN	NaN
185.000000	632.911392	0.000000	714.285714	0.000000	632.913600	0.201808	0.083298	0.076856	-0.000123	0.000703	-0.000274	0.000000	NaN	NaN	NaN	NaN	NaN	NaN	NaN
186.000000	632.911392	0.000000	724.637681	0.000000	632.913600	0.208445	0.081071	0.076250	-0.000054	0.000653	-0.000277	0.000000	NaN	NaN	NaN	NaN	NaN	NaN	NaN
187.000000	632.911392	0.000000	735.294118	0.000000	632.913600	0.158097	0.057749	0.059121	-0.000115	0.000303	-0.000295	0.000000	NaN	NaN	NaN	NaN	NaN	NaN	NaN
188.000000	632.911392	0.000000	746.268657	0.000000	632.913600	0.167677	0.074770	0.051264	-0.000051	0.000532	-0.000281	0.000000	NaN	NaN	NaN	NaN	NaN	NaN	NaN
189.000000	632.911392	0.000000	757.575758	0.000000	632.913600	0.147933	0.097025	0.043571	-0.000037	0.000531	-0.000275	0.000000	NaN	NaN	NaN	NaN	NaN	NaN	NaN
190.000000	632.911392	0.000000	769.230769	0.000000	632.913600	0.200591	0.035717	0.030723	-0.000106	0.000692	-0.000294	0.000000	NaN	NaN	NaN	NaN	NaN	NaN	NaN
191.000000	632.911392	0.000000	781.250000	0.000000	632.913600	0.249648	-0.009218	0.018292	-0.000086	0.000520	-0.000252	0.000000	NaN	NaN	NaN	NaN	NaN	NaN	NaN
192.000000	632.911392	0.000000	793.650794	0.000000	632.913600	0.163179	0.031796	0.015285	0.000029	0.000625	-0.000280	0.000000	NaN	NaN	NaN	NaN	NaN	NaN	NaN
193.000000	641.025641	0.000000	581.395349	0.000000	641.042300	0.132058	0.074792	0.023243	-0.000168	0.000837	-0.000265	0.000000	NaN	NaN	NaN	NaN	NaN	NaN	NaN
194.000000	641.025641	0.000000	588.235294	0.000000	641.042300	0.169601	0.118422	0.028599	-0.000097	0.000529	-0.000305	0.000000	NaN	NaN	NaN	NaN	NaN	NaN	NaN
195.000000	641.025641	0.000000	595.238095	0.000000	641.042300	0.205776	0.059575	0.012775	0.000068	0.000868	-0.000301	0.000000	NaN	NaN	NaN	NaN	NaN	NaN	NaN
196.000000	641.025641	0.000000	602.409639	0.000000	641.042300	0.205164	0.099559	0.066872	-0.000020	0.000694	-0.000273	0.000000	NaN	NaN	NaN	NaN	NaN	NaN	NaN
197.000000	641.025641	0.000000	609.756098	0.000000	641.042300	0.159910	0.090545	0.092708	-0.000153	0.000920	-0.000287	0.000000	NaN	NaN	NaN	NaN	NaN	NaN	NaN
198.000000	641.025641	0.000000	617.283951	0.000000	641.042300	0.221949	0.053762	0.103528	-0.000187	0.000682	-0.000262	0.000000	NaN	NaN	NaN	NaN	NaN	NaN	NaN
199.000000	641.025641	0.000000	625.000000	0.000000	641.042300	0.246441	0.107442	0.127325	-0.000089	0.000868	-0.000282	0.000000	NaN	NaN	NaN	NaN	NaN	NaN	NaN
200.000000	641.025641	0.000000	632.911392	0.000000	641.042300	0.178272	0.045105	0.137914	-0.000270	0.000777	-0.000286	0.000000	NaN	NaN	NaN	NaN	NaN	NaN	NaN
201.000000	641.025641	0.000000	641.025641	0.000000	641.042300	0.191895	0.055592	0.232288	-0.000095	0.000705	-0.000307	0.000000	NaN	NaN	NaN	NaN	NaN	NaN	NaN
202.000000	641.025641	0.000000	649.350649	0.000000	641.042300	0.276768	0.017787	0.246020	-0.000113	0.000770	-0.000293	0.000000	NaN	NaN	NaN	NaN	NaN	NaN	NaN
203.000000	641.025641	0.000000	657.894737	0.000000	641.042300	0.201706	0.086733	0.131770	0.000042	0.000497	-0.000294	0.000000	NaN	NaN	NaN	NaN	NaN	NaN	NaN
204.000000	641.025641	0.000000	666.666667	0.000000	641.042300	0.159805	0.096839	0.098006	-0.000210	0.000922	-0.000267	0.000000	NaN	NaN	NaN	NaN	NaN	NaN	NaN
205.000000	641.025641	0.000000	675.675676	0.000000	641.042300	0.174489	0.063420	0.097460	-0.000446	0.000651	-0.000310	0.000000	NaN	NaN	NaN	NaN	NaN	NaN	NaN
206.000000	641.025641	0.000000	684.931507	0.000000	641.042300	0.196102	0.065665	0.100939	-0.000237	0.000799	-0.000293	0.000000	NaN	NaN	NaN	NaN	NaN	NaN	NaN
207.000000	641.025641	0.000000	694.444444	0.000000	641.042300	0.203437	0.064514	0.096976	-0.000284	0.000731	-0.000280	0.000000	NaN	NaN	NaN	NaN	NaN	NaN	NaN
208.000000	641.025641	0.000000	704.225352	0.000000	641.042300	0.238368	0.047474	0.097349	-0.000202	0.000715	-0.000307	0.000000	NaN	NaN	NaN	NaN	NaN	NaN	NaN
209.000000	641.025641	0.000000	714.285714	0.000000	641.042300	0.177430	-0.007793	0.097122	-0.000160	0.000776	-0.000286	0.000000	NaN	NaN	NaN	NaN	NaN	NaN	NaN
210.000000	641.025641	0.000000	724.637681	0.000000	641.042300	0.184066	0.056693	0.098119	0.000010	0.000506	-0.000278	0.000000	NaN	NaN	NaN	NaN	NaN	NaN	NaN
211.000000	641.025641	0.000000	735.294118	0.000000	641.042300	0.133719	0.033371	0.078600	-0.000002	0.000662	-0.000278	0.000000	NaN	NaN	NaN	NaN	NaN	NaN	NaN
212.000000	641.025641	0.000000	746.268657	0.000000	641.042300	0.143299	0.050392	0.071860	-0.000082	0.000740	-0.000298	0.000000	NaN	NaN	NaN	NaN	NaN	NaN	NaN
213.000000	641.025641	0.000000	757.575758	0.000000	641.042300	0.123555	0.072647	0.063645	-0.000041	0.000836	-0.000304	0.000000	NaN	NaN	NaN	NaN	NaN	NaN	NaN
214.000000	641.025641	0.000000	769.230769	0.000000	641.042300	0.109500	0.011339	0.044701	-0.000120	0.000838	-0.000284	0.000000	NaN	NaN	NaN	NaN	NaN	NaN	NaN
215.000000	641.025641	0.000000	781.250000	0.000000	641.042300	0.225270	0.099830	0.028146	0.000053	0.000799	-0.000294	0.000000	NaN	NaN	NaN	NaN	NaN	NaN	NaN
216.000000	641.025641	0.000000	793.650794	0.000000	641.042300	0.205514	0.074131	0.024956	-0.000265	0.000715	-0.000272	0.000000	NaN	NaN	NaN	NaN	NaN	NaN	NaN
217.000000	649.350649	0.000000	581.395349	0.000000	649.375900	0.194429	0.003737	0.009332	-0.000182	0.000620	-0.000273	0.000000	NaN	NaN	NaN	NaN	NaN	NaN	NaN
218.000000	649.350649	0.000000	588.235294	0.000000	649.375900	0.231972	0.047367	0.013140	0.000035	0.000389	-0.000298	0.000000	NaN	NaN	NaN	NaN	NaN	NaN	NaN
219.000000	649.350649	0.000000	595.238095	0.000000	649.375900	0.268147	0.055234	0.003299	-0.000045	0.000556	-0.000289	0.000000	NaN	NaN	NaN	NaN	NaN	NaN	NaN
220.000000	649.350649	0.000000	602.409639	0.000000	649.375900	0.134110	0.028505	0.055295	-0.000110	0.000591	-0.000290	0.000000	NaN	NaN	NaN	NaN	NaN	NaN	NaN
221.000000	649.350649	0.000000	609.756098	0.000000	649.375900	0.222281	0.019491	0.074376	-0.000088	0.000503	-0.000292	0.000000	NaN	NaN	NaN	NaN	NaN	NaN	NaN
222.000000	649.350649	0.000000	617.283951	0.000000	649.375900	0.217608	0.116133	0.079559	-0.000155	0.000698	-0.000283	0.000000	NaN	NaN	NaN	NaN	NaN	NaN	NaN
223.000000	649.350649	0.000000	625.000000	0.000000	649.375900	0.175387	0.036387	0.090837	-0.000075	0.000399	-0.000289	0.000000	NaN	NaN	NaN	NaN	NaN	NaN	NaN
224.000000	649.350649	0.000000	632.911392	0.000000	649.375900	0.240643	0.107476	0.095382	-0.000190	0.000512	-0.000284	0.000000	NaN	NaN	NaN	NaN	NaN	NaN	NaN
225.000000	649.350649	0.000000	641.025641	0.000000	649.375900	0.254266	0.117963	0.149097	-0.000382	0.000548	-0.000280	0.000000	NaN	NaN	NaN	NaN	NaN	NaN	NaN
226.000000	649.350649	0.000000	649.350649	0.000000	649.375900	0.205714	0.080158	0.181204	-0.000336	0.000355	-0.000291	0.000000	NaN	NaN	NaN	NaN	NaN	NaN	NaN
227.000000	649.350649	0.000000	657.894737	0.000000	649.375900	0.130652	0.015679	0.195252	-0.000314	0.000693	-0.000272	0.000000	NaN	NaN	NaN	NaN	NaN	NaN	NaN
228.000000	649.350649	0.000000	666.666667	0.000000	649.375900	0.222177	0.025784	0.138320	-0.000312	0.000505	-0.000325	0.000000	NaN	NaN	NaN	NaN	NaN	NaN	NaN
229.000000	649.350649	0.000000	675.675676	0.000000	649.375900	0.236860	0.059078	0.102295	0.000013	0.000412	-0.000282	0.000000	NaN	NaN	NaN	NaN	NaN	NaN	NaN
230.000000	649.350649	0.000000	684.931507	0.000000	649.375900	0.191761	0.128037	0.111442	-0.000434	0.000462	-0.000299	0.000000	NaN	NaN	NaN	NaN	NaN	NaN	NaN
231.000000	649.350649	0.000000	694.444444	0.000000	649.375900	0.132383	-0.006541	0.112169	-0.000332	0.000362	-0.000307	0.000000	NaN	NaN	NaN	NaN	NaN	NaN	NaN
232.000000	649.350649	0.000000	704.225352	0.000000	649.375900	0.167313	0.109845	0.113914	-0.000129	0.000613	-0.000320	0.000000	NaN	NaN	NaN	NaN	NaN	NaN	NaN
233.000000	649.350649	0.000000	714.285714	0.000000	649.375900	0.239801	0.054578	0.113136	-0.000076	0.000697	-0.000263	0.000000	NaN	NaN	NaN	NaN	NaN	NaN	NaN
234.000000	649.350649	0.000000	724.637681	0.000000	649.375900	0.113012	0.119064	0.107700	-0.000122	0.000606	-0.000275	0.000000	NaN	NaN	NaN	NaN	NaN	NaN	NaN
235.000000	649.350649	0.000000	735.294118	0.000000	649.375900	0.196090	0.029029	0.093225	-0.000140	0.000492	-0.000275	0.000000	NaN	NaN	NaN	NaN	NaN	NaN	NaN
236.000000	649.350649	0.000000	746.268657	0.000000	649.375900	0.205670	0.112763	0.086532	-0.000072	0.000567	-0.000297	0.000000	NaN	NaN	NaN	NaN	NaN	NaN	NaN
237.000000	649.350649	0.000000	757.575758	0.000000	649.375900	0.185926	0.001593	0.074735	-0.000166	0.000769	-0.000300	0.000000	NaN	NaN	NaN	NaN	NaN	NaN	NaN
238.000000	649.350649	0.000000	769.230769	0.000000	649.375900	0.171871	0.073710	0.055578	-0.000164	0.000695	-0.000275	0.000000	NaN	NaN	NaN	NaN	NaN	NaN	NaN
239.000000	649.350649	0.000000	781.250000	0.000000	649.375900	0.154216	0.028775	0.036796	0.000034	0.000516	-0.000288	0.000000	NaN	NaN	NaN	NaN	NaN	NaN	NaN
240.000000	649.350649	0.000000	793.650794	0.000000	649.375900	0.201172	0.003076	0.035318	-0.000097	0.000570	-0.000295	0.000000	NaN	NaN	NaN	NaN	NaN	NaN	NaN
241.000000	657.894737	0.000000	581.395349	0.000000	657.913600	0.176966	0.119700	0.001808	-0.000081	0.000671	-0.000274	0.000000	NaN	NaN	NaN	NaN	NaN	NaN	NaN
242.000000	657.894737	0.000000	588.235294	0.000000	657.913600	0.214509	0.029904	0.006234	-0.000171	0.000752	-0.000286	0.000000	NaN	NaN	NaN	NaN	NaN	NaN	NaN
243.000000	657.894737	0.000000	595.238095	0.000000	657.913600	0.183971	-0.028942	-0.001169	-0.000225	0.000730	-0.000316	0.000000	NaN	NaN	NaN	NaN	NaN	NaN	NaN
244.000000	657.894737	0.000000	602.409639	0.000000	657.913600	0.250073	0.011042	0.034878	-0.000088	0.000593	-0.000302	0.000000	NaN	NaN	NaN	NaN	NaN	NaN	NaN
245.000000	657.894737	0.000000	609.756098	0.000000	657.913600	0.204818	0.068741	0.045153	-0.000189	0.000798	-0.000278	0.000000	NaN	NaN	NaN	NaN	NaN	NaN	NaN
246.000000	657.894737	0.000000	617.283951	0.000000	657.913600	0.133432	0.098670	0.044741	-0.000401	0.000843	-0.000270	0.000000	NaN	NaN	NaN	NaN	NaN	NaN	NaN
247.000000	657.894737	0.000000	625.000000	0.000000	657.913600	0.157924	0.018924	0.051276	-0.000052	0.000710	-0.000311	0.000000	NaN	NaN	NaN	NaN	NaN	NaN	NaN
248.000000	657.894737	0.000000	632.911392	0.000000	657.913600	0.156467	0.090013	0.055492	-0.000219	0.000797	-0.000295	0.000000	NaN	NaN	NaN	NaN	NaN	NaN	NaN
249.000000	657.894737	0.000000	641.025641	0.000000	657.913600	0.236803	0.033787	0.088650	-0.000193	0.000738	-0.000278	0.000000	NaN	NaN	NaN	NaN	NaN	NaN	NaN
250.000000	657.894737	0.000000	649.350649	0.000000	657.913600	0.188251	0.062695	0.105033	0.000052	0.000578	-0.000294	0.000000	NaN	NaN	NaN	NaN	NaN	NaN	NaN
251.000000	657.894737	0.000000	657.894737	0.000000	657.913600	0.246615	-0.001784	0.128280	-0.000266	0.000742	-0.000282	0.000000	NaN	NaN	NaN	NaN	NaN	NaN	NaN
252.000000	657.894737	0.000000	666.666667	0.000000	657.913600	0.204714	0.008322	0.154649	-0.000119	0.000475	-0.000278	0.000000	NaN	NaN	NaN	NaN	NaN	NaN	NaN
253.000000	657.894737	0.000000	675.675676	0.000000	657.913600	0.152684	0.041615	0.113516	-0.000261	0.000659	-0.000289	0.000000	NaN	NaN	NaN	NaN	NaN	NaN	NaN
254.000000	657.894737	0.000000	684.931507	0.000000	657.913600	0.241011	0.043861	0.092482	-0.000341	0.000595	-0.000274	0.000000	NaN	NaN	NaN	NaN	NaN	NaN	NaN
255.000000	657.894737	0.000000	694.444444	0.000000	657.913600	0.114920	0.109422	0.095249	-0.000004	0.000618	-0.000281	0.000000	NaN	NaN	NaN	NaN	NaN	NaN	NaN
256.000000	657.894737	0.000000	704.225352	0.000000	657.913600	0.149850	0.025670	0.090397	-0.000045	0.000583	-0.000264	0.000000	NaN	NaN	NaN	NaN	NaN	NaN	NaN
257.000000	657.894737	0.000000	714.285714	0.000000	657.913600	0.155626	0.037115	0.086696	0.000014	0.000714	-0.000274	0.000000	NaN	NaN	NaN	NaN	NaN	NaN	NaN
258.000000	657.894737	0.000000	724.637681	0.000000	657.913600	0.228975	0.101601	0.086348	0.000024	0.000910	-0.000289	0.000000	NaN	NaN	NaN	NaN	NaN	NaN	NaN
259.000000	657.894737	0.000000	735.294118	0.000000	657.913600	0.178627	0.011566	0.067538	-0.000097	0.000903	-0.000280	0.000000	NaN	NaN	NaN	NaN	NaN	NaN	NaN
260.000000	657.894737	0.000000	746.268657	0.000000	657.913600	0.188207	0.095300	0.065667	-0.000064	0.000548	-0.000290	0.000000	NaN	NaN	NaN	NaN	NaN	NaN	NaN
261.000000	657.894737	0.000000	757.575758	0.000000	657.913600	0.168463	0.117555	0.052743	0.000114	0.000733	-0.000305	0.000000	NaN	NaN	NaN	NaN	NaN	NaN	NaN
262.000000	657.894737	0.000000	769.230769	0.000000	657.913600	0.154408	0.056247	0.035199	-0.000103	0.000767	-0.000278	0.000000	NaN	NaN	NaN	NaN	NaN	NaN	NaN
263.000000	657.894737	0.000000	781.250000	0.000000	657.913600	0.270178	0.011312	0.021567	-0.000094	0.000607	-0.000293	0.000000	NaN	NaN	NaN	NaN	NaN	NaN	NaN
264.000000	657.894737	0.000000	793.650794	0.000000	657.913600	0.116996	-0.014387	0.020699	-0.000344	0.000577	-0.000266	0.000000	NaN	NaN	NaN	NaN	NaN	NaN	NaN
265.000000	666.666667	0.000000	581.395349	0.000000	666.656200	0.256483	-0.000921	-0.000434	-0.000203	0.000663	-0.000274	0.000000	NaN	NaN	NaN	NaN	NaN	NaN	NaN
266.000000	666.666667	0.000000	588.235294	0.000000	666.656200	0.160601	0.042709	0.004678	-0.000132	0.000669	-0.000290	0.000000	NaN	NaN	NaN	NaN	NaN	NaN	NaN
267.000000	666.666667	0.000000	595.238095	0.000000	666.656200	0.130063	0.050575	-0.003404	0.000124	0.000497	-0.000286	0.000000	NaN	NaN	NaN	NaN	NaN	NaN	NaN
268.000000	666.666667	0.000000	602.409639	0.000000	666.656200	0.196164	0.023846	0.032132	0.000093	0.000541	-0.000280	0.000000	NaN	NaN	NaN	NaN	NaN	NaN	NaN
269.000000	666.666667	0.000000	609.756098	0.000000	666.656200	0.150909	0.014832	0.042205	0.000014	0.000651	-0.000291	0.000000	NaN	NaN	NaN	NaN	NaN	NaN	NaN
270.000000	666.666667	0.000000	617.283951	0.000000	666.656200	0.212949	-0.021951	0.036010	0.000125	0.000624	-0.000269	0.000000	NaN	NaN	NaN	NaN	NaN	NaN	NaN
271.000000	666.666667	0.000000	625.000000	0.000000	666.656200	0.170728	0.031728	0.037750	-0.000253	0.000720	-0.000268	0.000000	NaN	NaN	NaN	NaN	NaN	NaN	NaN
272.000000	666.666667	0.000000	632.911392	0.000000	666.656200	0.235984	0.102817	0.036149	0.000003	0.000856	-0.000268	0.000000	NaN	NaN	NaN	NaN	NaN	NaN	NaN
273.000000	666.666667	0.000000	641.025641	0.000000	666.656200	0.182894	-0.020121	0.068203	-0.000260	0.000435	-0.000263	0.000000	NaN	NaN	NaN	NaN	NaN	NaN	NaN
274.000000	666.666667	0.000000	649.350649	0.000000	666.656200	0.201055	0.075499	0.084136	-0.000287	0.000727	-0.000277	0.000000	NaN	NaN	NaN	NaN	NaN	NaN	NaN
275.000000	666.666667	0.000000	657.894737	0.000000	666.656200	0.192706	0.077733	0.071697	0.000096	0.000607	-0.000269	0.000000	NaN	NaN	NaN	NaN	NaN	NaN	NaN
276.000000	666.666667	0.000000	666.666667	0.000000	666.656200	0.217518	0.087839	0.108039	-0.000041	0.000531	-0.000251	0.000000	NaN	NaN	NaN	NaN	NaN	NaN	NaN
277.000000	666.666667	0.000000	675.675676	0.000000	666.656200	0.232201	0.121132	0.155246	-0.000293	0.000858	-0.000295	0.000000	NaN	NaN	NaN	NaN	NaN	NaN	NaN
278.000000	666.666667	0.000000	684.931507	0.000000	666.656200	0.187102	-0.010048	0.112145	-0.000150	0.000599	-0.000303	0.000000	NaN	NaN	NaN	NaN	NaN	NaN	NaN
279.000000	666.666667	0.000000	694.444444	0.000000	666.656200	0.194437	0.055514	0.091619	-0.000191	0.000755	-0.000276	0.000000	NaN	NaN	NaN	NaN	NaN	NaN	NaN
280.000000	666.666667	0.000000	704.225352	0.000000	666.656200	0.229367	0.105187	0.092975	-0.000190	0.000788	-0.000249	0.000000	NaN	NaN	NaN	NaN	NaN	NaN	NaN
281.000000	666.666667	0.000000	714.285714	0.000000	666.656200	0.235143	0.116632	0.093583	0.000001	0.000464	-0.000264	0.000000	NaN	NaN	NaN	NaN	NaN	NaN	NaN
282.000000	666.666667	0.000000	724.637681	0.000000	666.656200	0.175066	0.047692	0.090777	-0.000038	0.000706	-0.000282	0.000000	NaN	NaN	NaN	NaN	NaN	NaN	NaN
283.000000	666.666667	0.000000	735.294118	0.000000	666.656200	0.191431	0.091083	0.075902	-0.000232	0.000714	-0.000307	0.000000	NaN	NaN	NaN	NaN	NaN	NaN	NaN
284.000000	666.666667	0.000000	746.268657	0.000000	666.656200	0.201011	-0.025321	0.066515	-0.000101	0.000708	-0.000281	0.000000	NaN	NaN	NaN	NaN	NaN	NaN	NaN
285.000000	666.666667	0.000000	757.575758	0.000000	666.656200	0.247980	0.063647	0.061101	-0.000207	0.000707	-0.000285	0.000000	NaN	NaN	NaN	NaN	NaN	NaN	NaN
286.000000	666.666667	0.000000	769.230769	0.000000	666.656200	0.233925	0.135764	0.043252	-0.000061	0.000546	-0.000275	0.000000	NaN	NaN	NaN	NaN	NaN	NaN	NaN
287.000000	666.666667	0.000000	781.250000	0.000000	666.656200	0.216270	0.090829	0.026752	-0.000015	0.000764	-0.000282	0.000000	NaN	NaN	NaN	NaN	NaN	NaN	NaN
288.000000	666.666667	0.000000	793.650794	0.000000	666.656200	0.196513	0.065130	0.023589	-0.000045	0.000595	-0.000294	0.000000	NaN	NaN	NaN	NaN	NaN	NaN	NaN
289.000000	675.675676	0.000000	581.395349	0.000000	675.705900	0.249373	0.058682	0.000750	0.000051	0.000579	-0.000297	0.000000	NaN	NaN	NaN	NaN	NaN	NaN	NaN
290.000000	675.675676	0.000000	588.235294	0.000000	675.705900	0.153491	0.102312	0.004810	0.000108	0.000381	-0.000299	0.000000	NaN	NaN	NaN	NaN	NaN	NaN	NaN
291.000000	675.675676	0.000000	595.238095	0.000000	675.705900	0.122953	0.043465	-0.003281	-0.000024	0.000690	-0.000284	0.000000	NaN	NaN	NaN	NaN	NaN	NaN	NaN
292.000000	675.675676	0.000000	602.409639	0.000000	675.705900	0.189054	0.083449	0.025640	0.000010	0.000572	-0.000286	0.000000	NaN	NaN	NaN	NaN	NaN	NaN	NaN
293.000000	675.675676	0.000000	609.756098	0.000000	675.705900	0.143800	0.007722	0.033249	0.000109	0.000791	-0.000297	0.000000	NaN	NaN	NaN	NaN	NaN	NaN	NaN
294.000000	675.675676	0.000000	617.283951	0.000000	675.705900	0.205839	0.037652	0.028783	-0.000203	0.000472	-0.000314	0.000000	NaN	NaN	NaN	NaN	NaN	NaN	NaN
295.000000	675.675676	0.000000	625.000000	0.000000	675.705900	0.163618	0.091331	0.030027	-0.000231	0.000554	-0.000299	0.000000	NaN	NaN	NaN	NaN	NaN	NaN	NaN
296.000000	675.675676	0.000000	632.911392	0.000000	675.705900	0.228875	0.095708	0.023620	-0.000165	0.000553	-0.000270	0.000000	NaN	NaN	NaN	NaN	NaN	NaN	NaN
297.000000	675.675676	0.000000	641.025641	0.000000	675.705900	0.175784	-0.027231	0.044503	-0.000022	0.000776	-0.000308	0.000000	NaN	NaN	NaN	NaN	NaN	NaN	NaN
298.000000	675.675676	0.000000	649.350649	0.000000	675.705900	0.193945	0.135102	0.061288	-0.000248	0.000549	-0.000303	0.000000	NaN	NaN	NaN	NaN	NaN	NaN	NaN
299.000000	675.675676	0.000000	657.894737	0.000000	675.705900	0.185596	0.070623	0.048664	0.000028	0.000672	-0.000255	0.000000	NaN	NaN	NaN	NaN	NaN	NaN	NaN
300.000000	675.675676	0.000000	666.666667	0.000000	675.705900	0.277121	0.080729	0.051809	0.000131	0.000729	-0.000273	0.000000	NaN	NaN	NaN	NaN	NaN	NaN	NaN
301.000000	675.675676	0.000000	675.675676	0.000000	675.705900	0.225092	-0.019403	0.084535	-0.000126	0.000582	-0.000300	0.000000	NaN	NaN	NaN	NaN	NaN	NaN	NaN
302.000000	675.675676	0.000000	684.931507	0.000000	675.705900	0.179992	-0.017158	0.131410	-0.000079	0.000639	-0.000269	0.000000	NaN	NaN	NaN	NaN	NaN	NaN	NaN
303.000000	675.675676	0.000000	694.444444	0.000000	675.705900	0.187327	0.048404	0.090468	-0.000163	0.000531	-0.000276	0.000000	NaN	NaN	NaN	NaN	NaN	NaN	NaN
304.000000	675.675676	0.000000	704.225352	0.000000	675.705900	0.222258	0.098077	0.082143	-0.000214	0.000647	-0.000290	0.000000	NaN	NaN	NaN	NaN	NaN	NaN	NaN
305.000000	675.675676	0.000000	714.285714	0.000000	675.705900	0.228033	0.109522	0.084647	0.000066	0.000546	-0.000275	0.000000	NaN	NaN	NaN	NaN	NaN	NaN	NaN
306.000000	675.675676	0.000000	724.637681	0.000000	675.705900	0.167956	0.040582	0.079448	-0.000253	0.000631	-0.000291	0.000000	NaN	NaN	NaN	NaN	NaN	NaN	NaN
307.000000	675.675676	0.000000	735.294118	0.000000	675.705900	0.251034	0.083973	0.060420	0.000024	0.000881	-0.000296	0.000000	NaN	NaN	NaN	NaN	NaN	NaN	NaN
308.000000	675.675676	0.000000	746.268657	0.000000	675.705900	0.260614	0.034282	0.059409	0.000021	0.000690	-0.000274	0.000000	NaN	NaN	NaN	NaN	NaN	NaN	NaN
309.000000	675.675676	0.000000	757.575758	0.000000	675.705900	0.240870	0.056537	0.049006	0.000067	0.000653	-0.000267	0.000000	NaN	NaN	NaN	NaN	NaN	NaN	NaN
310.000000	675.675676	0.000000	769.230769	0.000000	675.705900	0.226815	0.128654	0.037263	-0.000054	0.000575	-0.000286	0.000000	NaN	NaN	NaN	NaN	NaN	NaN	NaN
311.000000	675.675676	0.000000	781.250000	0.000000	675.705900	0.209160	0.083720	0.023124	-0.000068	0.000607	-0.000299	0.000000	NaN	NaN	NaN	NaN	NaN	NaN	NaN
312.000000	675.675676	0.000000	793.650794	0.000000	675.705900	0.189403	0.058020	0.019543	-0.000277	0.000775	-0.000307	0.000000	NaN	NaN	NaN	NaN	NaN	NaN	NaN
313.000000	684.931507	0.000000	581.395349	0.000000	684.959800	0.155815	0.098549	0.000020	-0.000081	0.000530	-0.000282	0.000000	NaN	NaN	NaN	NaN	NaN	NaN	NaN
314.000000	684.931507	0.000000	588.235294	0.000000	684.959800	0.193358	0.008753	0.002906	-0.000174	0.000586	-0.000264	0.000000	NaN	NaN	NaN	NaN	NaN	NaN	NaN
315.000000	684.931507	0.000000	595.238095	0.000000	684.959800	0.229533	0.016620	-0.003018	-0.000132	0.000421	-0.000307	0.000000	NaN	NaN	NaN	NaN	NaN	NaN	NaN
316.000000	684.931507	0.000000	602.409639	0.000000	684.959800	0.228921	-0.010109	0.023165	-0.000002	0.000621	-0.000283	0.000000	NaN	NaN	NaN	NaN	NaN	NaN	NaN
317.000000	684.931507	0.000000	609.756098	0.000000	684.959800	0.250380	0.114302	0.030923	0.000051	0.000565	-0.000267	0.000000	NaN	NaN	NaN	NaN	NaN	NaN	NaN
318.000000	684.931507	0.000000	617.283951	0.000000	684.959800	0.178994	0.077519	0.025883	-0.000219	0.000523	-0.000294	0.000000	NaN	NaN	NaN	NaN	NaN	NaN	NaN
319.000000	684.931507	0.000000	625.000000	0.000000	684.959800	0.136773	-0.002227	0.027271	-0.000045	0.000642	-0.000286	0.000000	NaN	NaN	NaN	NaN	NaN	NaN	NaN
320.000000	684.931507	0.000000	632.911392	0.000000	684.959800	0.202029	0.068862	0.022354	-0.000068	0.000592	-0.000253	0.000000	NaN	NaN	NaN	NaN	NaN	NaN	NaN
321.000000	684.931507	0.000000	641.025641	0.000000	684.959800	0.215652	0.079349	0.038161	-0.000056	0.000538	-0.000282	0.000000	NaN	NaN	NaN	NaN	NaN	NaN	NaN
322.000000	684.931507	0.000000	649.350649	0.000000	684.959800	0.167100	0.041544	0.045133	-0.000282	0.000416	-0.000289	0.000000	NaN	NaN	NaN	NaN	NaN	NaN	NaN
323.000000	684.931507	0.000000	657.894737	0.000000	684.959800	0.158751	0.043778	0.034877	-0.000006	0.000473	-0.000291	0.000000	NaN	NaN	NaN	NaN	NaN	NaN	NaN
324.000000	684.931507	0.000000	666.666667	0.000000	684.959800	0.183563	-0.012829	0.042751	-0.000131	0.000713	-0.000292	0.000000	NaN	NaN	NaN	NaN	NaN	NaN	NaN
325.000000	684.931507	0.000000	675.675676	0.000000	684.959800	0.198246	0.087177	0.055283	-0.000061	0.000573	-0.000254	0.000000	NaN	NaN	NaN	NaN	NaN	NaN	NaN
326.000000	684.931507	0.000000	684.931507	0.000000	684.959800	0.153147	0.089423	0.094511	0.000016	0.000487	-0.000289	0.000000	NaN	NaN	NaN	NaN	NaN	NaN	NaN
327.000000	684.931507	0.000000	694.444444	0.000000	684.959800	0.160481	0.088271	0.129207	-0.000304	0.000776	-0.000282	0.000000	NaN	NaN	NaN	NaN	NaN	NaN	NaN
328.000000	684.931507	0.000000	704.225352	0.000000	684.959800	0.128699	0.071231	0.105952	-0.000039	0.000619	-0.000318	0.000000	NaN	NaN	NaN	NaN	NaN	NaN	NaN
329.000000	684.931507	0.000000	714.285714	0.000000	684.959800	0.067762	0.082677	0.084704	-0.000208	0.000599	-0.000282	0.000000	NaN	NaN	NaN	NaN	NaN	NaN	NaN
330.000000	684.931507	0.000000	724.637681	0.000000	684.959800	0.207824	0.080450	0.088869	-0.000052	0.000561	-0.000279	0.000000	NaN	NaN	NaN	NaN	NaN	NaN	NaN
331.000000	684.931507	0.000000	735.294118	0.000000	684.959800	0.157476	0.057128	0.063185	-0.000078	0.000775	-0.000293	0.000000	NaN	NaN	NaN	NaN	NaN	NaN	NaN
332.000000	684.931507	0.000000	746.268657	0.000000	684.959800	0.167056	0.074149	0.061831	0.000018	0.000650	-0.000264	0.000000	NaN	NaN	NaN	NaN	NaN	NaN	NaN
333.000000	684.931507	0.000000	757.575758	0.000000	684.959800	0.147312	0.096404	0.057405	-0.000003	0.000905	-0.000282	0.000000	NaN	NaN	NaN	NaN	NaN	NaN	NaN
334.000000	684.931507	0.000000	769.230769	0.000000	684.959800	0.199970	0.035096	0.039026	-0.000366	0.000626	-0.000294	0.000000	NaN	NaN	NaN	NaN	NaN	NaN	NaN
335.000000	684.931507	0.000000	781.250000	0.000000	684.959800	0.115602	-0.009839	0.026768	0.000020	0.000519	-0.000294	0.000000	NaN	NaN	NaN	NaN	NaN	NaN	NaN
336.000000	684.931507	0.000000	793.650794	0.000000	684.959800	0.162558	0.031175	0.019947	0.000088	0.000774	-0.000285	0.000000	NaN	NaN	NaN	NaN	NaN	NaN	NaN
337.000000	694.444444	0.000000	581.395349	0.000000	694.417800	0.150972	0.093706	-0.001703	0.000006	0.000539	-0.000301	0.000000	NaN	NaN	NaN	NaN	NaN	NaN	NaN
338.000000	694.444444	0.000000	588.235294	0.000000	694.417800	0.188516	0.137336	-0.000057	0.000071	0.000594	-0.000299	0.000000	NaN	NaN	NaN	NaN	NaN	NaN	NaN
339.000000	694.444444	0.000000	595.238095	0.000000	694.417800	0.157978	0.078490	-0.004252	-0.000008	0.000534	-0.000288	0.000000	NaN	NaN	NaN	NaN	NaN	NaN	NaN
340.000000	694.444444	0.000000	602.409639	0.000000	694.417800	0.224079	0.118474	0.022871	-0.000210	0.000610	-0.000268	0.000000	NaN	NaN	NaN	NaN	NaN	NaN	NaN
341.000000	694.444444	0.000000	609.756098	0.000000	694.417800	0.178824	0.042747	0.033158	-0.000144	0.000750	-0.000266	0.000000	NaN	NaN	NaN	NaN	NaN	NaN	NaN
342.000000	694.444444	0.000000	617.283951	0.000000	694.417800	0.240864	0.072676	0.025537	-0.000044	0.000639	-0.000273	0.000000	NaN	NaN	NaN	NaN	NaN	NaN	NaN
343.000000	694.444444	0.000000	625.000000	0.000000	694.417800	0.198643	0.059643	0.025633	-0.000005	0.000498	-0.000259	0.000000	NaN	NaN	NaN	NaN	NaN	NaN	NaN
344.000000	694.444444	0.000000	632.911392	0.000000	694.417800	0.130474	-0.002693	0.018870	-0.000008	0.000722	-0.000279	0.000000	NaN	NaN	NaN	NaN	NaN	NaN	NaN
345.000000	694.444444	0.000000	641.025641	0.000000	694.417800	0.210809	0.007794	0.037470	-0.000069	0.000503	-0.000268	0.000000	NaN	NaN	NaN	NaN	NaN	NaN	NaN
346.000000	694.444444	0.000000	649.350649	0.000000	694.417800	0.162257	0.036701	0.038403	0.000061	0.000525	-0.000266	0.000000	NaN	NaN	NaN	NaN	NaN	NaN	NaN
347.000000	694.444444	0.000000	657.894737	0.000000	694.417800	0.220621	0.105648	0.024134	-0.000044	0.000707	-0.000287	0.000000	NaN	NaN	NaN	NaN	NaN	NaN	NaN
348.000000	694.444444	0.000000	666.666667	0.000000	694.417800	0.178720	0.115754	0.030663	-0.000147	0.000574	-0.000285	0.000000	NaN	NaN	NaN	NaN	NaN	NaN	NaN
349.000000	694.444444	0.000000	675.675676	0.000000	694.417800	0.126691	0.015621	0.044412	-0.000091	0.000363	-0.000311	0.000000	NaN	NaN	NaN	NaN	NaN	NaN	NaN
350.000000	694.444444	0.000000	684.931507	0.000000	694.417800	0.215017	0.017867	0.062259	-0.000150	0.000491	-0.000282	0.000000	NaN	NaN	NaN	NaN	NaN	NaN	NaN
351.000000	694.444444	0.000000	694.444444	0.000000	694.417800	0.222352	0.083429	0.080355	-0.000332	0.000376	-0.000284	0.000000	NaN	NaN	NaN	NaN	NaN	NaN	NaN
352.000000	694.444444	0.000000	704.225352	0.000000	694.417800	0.257282	-0.000324	0.135322	-0.000145	0.000578	-0.000299	0.000000	NaN	NaN	NaN	NaN	NaN	NaN	NaN
353.000000	694.444444	0.000000	714.285714	0.000000	694.417800	0.129632	-0.122304	0.111581	-0.000012	0.000607	-0.000290	0.000000	NaN	NaN	NaN	NaN	NaN	NaN	NaN
354.000000	694.444444	0.000000	724.637681	0.000000	694.417800	0.202981	0.075607	0.089674	-0.000258	0.000708	-0.000291	0.000000	NaN	NaN	NaN	NaN	NaN	NaN	NaN
355.000000	694.444444	0.000000	735.294118	0.000000	694.417800	0.152633	0.118998	0.070406	-0.000181	0.000549	-0.000305	0.000000	NaN	NaN	NaN	NaN	NaN	NaN	NaN
356.000000	694.444444	0.000000	746.268657	0.000000	694.417800	0.162213	0.069306	0.074044	-0.000053	0.000833	-0.000291	0.000000	NaN	NaN	NaN	NaN	NaN	NaN	NaN
357.000000	694.444444	0.000000	757.575758	0.000000	694.417800	0.275895	0.091562	0.065567	-0.000203	0.000407	-0.000298	0.000000	NaN	NaN	NaN	NaN	NaN	NaN	NaN
358.000000	694.444444	0.000000	769.230769	0.000000	694.417800	0.128414	0.030253	0.050029	-0.000166	0.000790	-0.000285	0.000000	NaN	NaN	NaN	NaN	NaN	NaN	NaN
359.000000	694.444444	0.000000	781.250000	0.000000	694.417800	0.244185	0.118744	0.034567	-0.000168	0.000767	-0.000303	0.000000	NaN	NaN	NaN	NaN	NaN	NaN	NaN
360.000000	694.444444	0.000000	793.650794	0.000000	694.417800	0.224428	0.093045	0.029262	-0.000064	0.000428	-0.000282	0.000000	NaN	NaN	NaN	NaN	NaN	NaN	NaN
361.000000	704.225352	0.000000	581.395349	0.000000	704.182500	0.177648	0.053669	-0.005227	0.000095	0.000607	-0.000295	0.000000	NaN	NaN	NaN	NaN	NaN	NaN	NaN
362.000000	704.225352	0.000000	588.235294	0.000000	704.182500	0.215191	0.097299	-0.002835	0.000033	0.000816	-0.000286	0.000000	NaN	NaN	NaN	NaN	NaN	NaN	NaN
363.000000	704.225352	0.000000	595.238095	0.000000	704.182500	0.184653	0.105165	-0.005278	-0.000046	0.000554	-0.000256	0.000000	NaN	NaN	NaN	NaN	NaN	NaN	NaN
364.000000	704.225352	0.000000	602.409639	0.000000	704.182500	0.184042	0.078437	0.016237	-0.000004	0.000756	-0.000292	0.000000	NaN	NaN	NaN	NaN	NaN	NaN	NaN
365.000000	704.225352	0.000000	609.756098	0.000000	704.182500	0.205500	0.069422	0.018586	-0.000054	0.000780	-0.000286	0.000000	NaN	NaN	NaN	NaN	NaN	NaN	NaN
366.000000	704.225352	0.000000	617.283951	0.000000	704.182500	0.267539	0.032639	0.015503	-0.000261	0.000617	-0.000285	0.000000	NaN	NaN	NaN	NaN	NaN	NaN	NaN
367.000000	704.225352	0.000000	625.000000	0.000000	704.182500	0.225318	0.086319	0.013543	-0.000268	0.000614	-0.000272	0.000000	NaN	NaN	NaN	NaN	NaN	NaN	NaN
368.000000	704.225352	0.000000	632.911392	0.000000	704.182500	0.157149	-0.109443	0.010287	-0.000161	0.000311	-0.000291	0.000000	NaN	NaN	NaN	NaN	NaN	NaN	NaN
369.000000	704.225352	0.000000	641.025641	0.000000	704.182500	0.170772	0.034469	0.022299	0.000064	0.000537	-0.000266	0.000000	NaN	NaN	NaN	NaN	NaN	NaN	NaN
370.000000	704.225352	0.000000	649.350649	0.000000	704.182500	0.122220	-0.003336	0.024161	-0.000251	0.000756	-0.000313	0.000000	NaN	NaN	NaN	NaN	NaN	NaN	NaN
371.000000	704.225352	0.000000	657.894737	0.000000	704.182500	0.247296	0.132324	0.013423	-0.000182	0.000588	-0.000311	0.000000	NaN	NaN	NaN	NaN	NaN	NaN	NaN
372.000000	704.225352	0.000000	666.666667	0.000000	704.182500	0.138683	0.075716	0.017116	0.000089	0.000643	-0.000299	0.000000	NaN	NaN	NaN	NaN	NaN	NaN	NaN
373.000000	704.225352	0.000000	675.675676	0.000000	704.182500	0.153366	0.042297	0.025569	0.000017	0.000577	-0.000295	0.000000	NaN	NaN	NaN	NaN	NaN	NaN	NaN
374.000000	704.225352	0.000000	684.931507	0.000000	704.182500	0.241692	0.044543	0.047194	0.000039	0.000762	-0.000283	0.000000	NaN	NaN	NaN	NaN	NaN	NaN	NaN
375.000000	704.225352	0.000000	694.444444	0.000000	704.182500	0.249027	0.043391	0.045094	-0.000064	0.000729	-0.000287	0.000000	NaN	NaN	NaN	NaN	NaN	NaN	NaN
376.000000	704.225352	0.000000	704.225352	0.000000	704.182500	0.217245	0.026351	0.064749	-0.000019	0.000875	-0.000288	0.000000	NaN	NaN	NaN	NaN	NaN	NaN	NaN
377.000000	704.225352	0.000000	714.285714	0.000000	704.182500	0.156308	0.037797	0.116139	-0.000076	0.000788	-0.000286	0.000000	NaN	NaN	NaN	NaN	NaN	NaN	NaN
378.000000	704.225352	0.000000	724.637681	0.000000	704.182500	0.229656	0.035570	0.101149	-0.000180	0.000614	-0.000278	0.000000	NaN	NaN	NaN	NaN	NaN	NaN	NaN
379.000000	704.225352	0.000000	735.294118	0.000000	704.182500	0.112596	0.012248	0.058263	-0.000162	0.000911	-0.000281	0.000000	NaN	NaN	NaN	NaN	NaN	NaN	NaN
380.000000	704.225352	0.000000	746.268657	0.000000	704.182500	0.122176	0.029269	0.062250	-0.000091	0.000493	-0.000269	0.000000	NaN	NaN	NaN	NaN	NaN	NaN	NaN
381.000000	704.225352	0.000000	757.575758	0.000000	704.182500	0.169145	0.051524	0.056192	0.000009	0.000610	-0.000295	0.000000	NaN	NaN	NaN	NaN	NaN	NaN	NaN
382.000000	704.225352	0.000000	769.230769	0.000000	704.182500	0.155090	0.056929	0.040650	-0.000279	0.000672	-0.000286	0.000000	NaN	NaN	NaN	NaN	NaN	NaN	NaN
383.000000	704.225352	0.000000	781.250000	0.000000	704.182500	0.204147	0.078707	0.027294	-0.000115	0.000699	-0.000299	0.000000	NaN	NaN	NaN	NaN	NaN	NaN	NaN
384.000000	704.225352	0.000000	793.650794	0.000000	704.182500	0.251104	0.119721	0.023229	0.000044	0.000406	-0.000279	0.000000	NaN	NaN	NaN	NaN	NaN	NaN	NaN
385.000000	714.285714	0.000000	581.395349	0.000000	714.253800	0.166239	0.108973	-0.007101	-0.000099	0.000595	-0.000278	0.000000	NaN	NaN	NaN	NaN	NaN	NaN	NaN
386.000000	714.285714	0.000000	588.235294	0.000000	714.253800	0.203783	0.019178	-0.005606	-0.000314	0.000640	-0.000275	0.000000	NaN	NaN	NaN	NaN	NaN	NaN	NaN
387.000000	714.285714	0.000000	595.238095	0.000000	714.253800	0.239958	0.027044	-0.005588	-0.000132	0.000591	-0.000309	0.000000	NaN	NaN	NaN	NaN	NaN	NaN	NaN
388.000000	714.285714	0.000000	602.409639	0.000000	714.253800	0.172633	0.000315	0.011763	-0.000095	0.000724	-0.000293	0.000000	NaN	NaN	NaN	NaN	NaN	NaN	NaN
389.000000	714.285714	0.000000	609.756098	0.000000	714.253800	0.260804	0.124727	0.015372	-0.000106	0.000776	-0.000262	0.000000	NaN	NaN	NaN	NaN	NaN	NaN	NaN
390.000000	714.285714	0.000000	617.283951	0.000000	714.253800	0.189418	0.087944	0.013487	-0.000153	0.000786	-0.000298	0.000000	NaN	NaN	NaN	NaN	NaN	NaN	NaN
391.000000	714.285714	0.000000	625.000000	0.000000	714.253800	0.147197	0.008198	0.011590	-0.000173	0.000641	-0.000276	0.000000	NaN	NaN	NaN	NaN	NaN	NaN	NaN
392.000000	714.285714	0.000000	632.911392	0.000000	714.253800	0.212454	0.079287	0.008064	0.000070	0.000546	-0.000276	0.000000	NaN	NaN	NaN	NaN	NaN	NaN	NaN
393.000000	714.285714	0.000000	641.025641	0.000000	714.253800	0.226076	0.089774	0.016507	-0.000102	0.000728	-0.000259	0.000000	NaN	NaN	NaN	NaN	NaN	NaN	NaN
394.000000	714.285714	0.000000	649.350649	0.000000	714.253800	0.177524	0.051968	0.020407	-0.000132	0.000266	-0.000258	0.000000	NaN	NaN	NaN	NaN	NaN	NaN	NaN
395.000000	714.285714	0.000000	657.894737	0.000000	714.253800	0.169175	0.054202	0.013582	0.000013	0.000705	-0.000301	0.000000	NaN	NaN	NaN	NaN	NaN	NaN	NaN
396.000000	714.285714	0.000000	666.666667	0.000000	714.253800	0.193987	-0.002405	0.015919	-0.000121	0.000362	-0.000278	0.000000	NaN	NaN	NaN	NaN	NaN	NaN	NaN
397.000000	714.285714	0.000000	675.675676	0.000000	714.253800	0.208671	0.097601	0.017545	-0.000126	0.000599	-0.000286	0.000000	NaN	NaN	NaN	NaN	NaN	NaN	NaN
398.000000	714.285714	0.000000	684.931507	0.000000	714.253800	0.163571	0.099847	0.026982	0.000087	0.000767	-0.000283	0.000000	NaN	NaN	NaN	NaN	NaN	NaN	NaN
399.000000	714.285714	0.000000	694.444444	0.000000	714.253800	0.170906	0.031983	0.042366	-0.000156	0.000744	-0.000270	0.000000	NaN	NaN	NaN	NaN	NaN	NaN	NaN
400.000000	714.285714	0.000000	704.225352	0.000000	714.253800	0.139124	0.081656	0.054963	-0.000075	0.000568	-0.000279	0.000000	NaN	NaN	NaN	NaN	NaN	NaN	NaN
401.000000	714.285714	0.000000	714.285714	0.000000	714.253800	0.211612	0.093101	0.050799	-0.000011	0.000672	-0.000274	0.000000	NaN	NaN	NaN	NaN	NaN	NaN	NaN
402.000000	714.285714	0.000000	724.637681	0.000000	714.253800	0.151535	0.090874	0.088532	-0.000334	0.000531	-0.000296	0.000000	NaN	NaN	NaN	NaN	NaN	NaN	NaN
403.000000	714.285714	0.000000	735.294118	0.000000	714.253800	0.167900	0.067552	0.083268	-0.000048	0.000751	-0.000298	0.000000	NaN	NaN	NaN	NaN	NaN	NaN	NaN
404.000000	714.285714	0.000000	746.268657	0.000000	714.253800	0.177481	0.084574	0.061535	-0.000086	0.000639	-0.000274	0.000000	NaN	NaN	NaN	NaN	NaN	NaN	NaN
405.000000	714.285714	0.000000	757.575758	0.000000	714.253800	0.157736	0.040116	0.061685	-0.000125	0.000880	-0.000296	0.000000	NaN	NaN	NaN	NaN	NaN	NaN	NaN
406.000000	714.285714	0.000000	769.230769	0.000000	714.253800	0.210394	0.045521	0.051137	-0.000205	0.000619	-0.000271	0.000000	NaN	NaN	NaN	NaN	NaN	NaN	NaN
407.000000	714.285714	0.000000	781.250000	0.000000	714.253800	0.126026	0.067299	0.033449	-0.000195	0.000523	-0.000303	0.000000	NaN	NaN	NaN	NaN	NaN	NaN	NaN
408.000000	714.285714	0.000000	793.650794	0.000000	714.253800	0.172982	0.041599	0.031026	-0.000076	0.000626	-0.000282	0.000000	NaN	NaN	NaN	NaN	NaN	NaN	NaN
409.000000	724.637681	0.000000	581.395349	0.000000	724.631500	0.243545	0.052854	-0.004459	-0.000096	0.000684	-0.000281	0.000000	NaN	NaN	NaN	NaN	NaN	NaN	NaN
410.000000	724.637681	0.000000	588.235294	0.000000	724.631500	0.147663	0.096484	-0.003437	-0.000103	0.000642	-0.000275	0.000000	NaN	NaN	NaN	NaN	NaN	NaN	NaN
411.000000	724.637681	0.000000	595.238095	0.000000	724.631500	0.183838	0.037637	-0.003918	-0.000094	0.000778	-0.000281	0.000000	NaN	NaN	NaN	NaN	NaN	NaN	NaN
412.000000	724.637681	0.000000	602.409639	0.000000	724.631500	0.183226	0.077621	0.011044	-0.000161	0.000650	-0.000292	0.000000	NaN	NaN	NaN	NaN	NaN	NaN	NaN
413.000000	724.637681	0.000000	609.756098	0.000000	724.631500	0.137972	0.068607	0.014261	-0.000019	0.000728	-0.000286	0.000000	NaN	NaN	NaN	NaN	NaN	NaN	NaN
414.000000	724.637681	0.000000	617.283951	0.000000	724.631500	0.200011	0.031824	0.010427	-0.000095	0.000824	-0.000275	0.000000	NaN	NaN	NaN	NaN	NaN	NaN	NaN
415.000000	724.637681	0.000000	625.000000	0.000000	724.631500	0.224503	0.085504	0.009925	-0.000071	0.001030	-0.000306	0.000000	NaN	NaN	NaN	NaN	NaN	NaN	NaN
416.000000	724.637681	0.000000	632.911392	0.000000	724.631500	0.223047	0.089880	0.007232	-0.000051	0.000641	-0.000282	0.000000	NaN	NaN	NaN	NaN	NaN	NaN	NaN
417.000000	724.637681	0.000000	641.025641	0.000000	724.631500	0.169957	0.033654	0.012526	-0.000239	0.000543	-0.000299	0.000000	NaN	NaN	NaN	NaN	NaN	NaN	NaN
418.000000	724.637681	0.000000	649.350649	0.000000	724.631500	0.254830	0.129274	0.016429	-0.000017	0.000843	-0.000274	0.000000	NaN	NaN	NaN	NaN	NaN	NaN	NaN
419.000000	724.637681	0.000000	657.894737	0.000000	724.631500	0.179768	0.064795	0.013405	0.000113	0.000514	-0.000285	0.000000	NaN	NaN	NaN	NaN	NaN	NaN	NaN
420.000000	724.637681	0.000000	666.666667	0.000000	724.631500	0.137867	0.074901	0.012444	0.000128	0.000680	-0.000285	0.000000	NaN	NaN	NaN	NaN	NaN	NaN	NaN
421.000000	724.637681	0.000000	675.675676	0.000000	724.631500	0.219264	-0.025231	0.015854	0.000047	0.000751	-0.000288	0.000000	NaN	NaN	NaN	NaN	NaN	NaN	NaN
422.000000	724.637681	0.000000	684.931507	0.000000	724.631500	0.174164	0.043727	0.018569	-0.000115	0.000542	-0.000305	0.000000	NaN	NaN	NaN	NaN	NaN	NaN	NaN
423.000000	724.637681	0.000000	694.444444	0.000000	724.631500	0.181499	0.042576	0.024201	-0.000187	0.000555	-0.000285	0.000000	NaN	NaN	NaN	NaN	NaN	NaN	NaN
424.000000	724.637681	0.000000	704.225352	0.000000	724.631500	0.216430	0.025536	0.043048	-0.000242	0.000399	-0.000279	0.000000	NaN	NaN	NaN	NaN	NaN	NaN	NaN
425.000000	724.637681	0.000000	714.285714	0.000000	724.631500	0.222205	0.103694	0.050105	-0.000370	0.000608	-0.000269	0.000000	NaN	NaN	NaN	NaN	NaN	NaN	NaN
426.000000	724.637681	0.000000	724.637681	0.000000	724.631500	0.162128	0.034754	0.043615	0.000186	0.000515	-0.000248	0.000000	NaN	NaN	NaN	NaN	NaN	NaN	NaN
427.000000	724.637681	0.000000	735.294118	0.000000	724.631500	0.245206	0.078145	0.063250	0.000040	0.000781	-0.000289	0.000000	NaN	NaN	NaN	NaN	NaN	NaN	NaN
428.000000	724.637681	0.000000	746.268657	0.000000	724.631500	0.254787	0.028454	0.074947	-0.000191	0.000510	-0.000272	0.000000	NaN	NaN	NaN	NaN	NaN	NaN	NaN
429.000000	724.637681	0.000000	757.575758	0.000000	724.631500	0.235042	0.050709	0.048373	-0.000162	0.000578	-0.000279	0.000000	NaN	NaN	NaN	NaN	NaN	NaN	NaN
430.000000	724.637681	0.000000	769.230769	0.000000	724.631500	0.220987	0.122827	0.042453	-0.000169	0.000586	-0.000289	0.000000	NaN	NaN	NaN	NaN	NaN	NaN	NaN
431.000000	724.637681	0.000000	781.250000	0.000000	724.631500	0.203332	0.077892	0.028831	-0.000124	0.000494	-0.000282	0.000000	NaN	NaN	NaN	NaN	NaN	NaN	NaN
432.000000	724.637681	0.000000	793.650794	0.000000	724.631500	0.183576	0.052192	0.023253	-0.000160	0.000608	-0.000278	0.000000	NaN	NaN	NaN	NaN	NaN	NaN	NaN
433.000000	735.294118	0.000000	581.395349	0.000000	735.315500	0.154305	0.097039	-0.001643	0.000075	0.000769	-0.000291	0.000000	NaN	NaN	NaN	NaN	NaN	NaN	NaN
434.000000	735.294118	0.000000	588.235294	0.000000	735.315500	0.191848	0.007243	0.001611	0.000054	0.000611	-0.000280	0.000000	NaN	NaN	NaN	NaN	NaN	NaN	NaN
435.000000	735.294118	0.000000	595.238095	0.000000	735.315500	0.228023	0.148535	-0.003243	-0.000113	0.000728	-0.000301	0.000000	NaN	NaN	NaN	NaN	NaN	NaN	NaN
436.000000	735.294118	0.000000	602.409639	0.000000	735.315500	0.227411	0.121806	0.012152	-0.000125	0.000677	-0.000289	0.000000	NaN	NaN	NaN	NaN	NaN	NaN	NaN
437.000000	735.294118	0.000000	609.756098	0.000000	735.315500	0.182157	0.112792	0.016369	0.000037	0.000335	-0.000301	0.000000	NaN	NaN	NaN	NaN	NaN	NaN	NaN
438.000000	735.294118	0.000000	617.283951	0.000000	735.315500	0.177483	0.076009	0.013272	-0.000051	0.000295	-0.000263	0.000000	NaN	NaN	NaN	NaN	NaN	NaN	NaN
439.000000	735.294118	0.000000	625.000000	0.000000	735.315500	0.268688	0.129688	0.011540	-0.000124	0.000695	-0.000286	0.000000	NaN	NaN	NaN	NaN	NaN	NaN	NaN
440.000000	735.294118	0.000000	632.911392	0.000000	735.315500	0.200519	0.067352	0.008352	-0.000172	0.000574	-0.000305	0.000000	NaN	NaN	NaN	NaN	NaN	NaN	NaN
441.000000	735.294118	0.000000	641.025641	0.000000	735.315500	0.214141	0.077839	0.016080	0.000069	0.000660	-0.000281	0.000000	NaN	NaN	NaN	NaN	NaN	NaN	NaN
442.000000	735.294118	0.000000	649.350649	0.000000	735.315500	0.165589	0.040033	0.018275	-0.000240	0.000661	-0.000298	0.000000	NaN	NaN	NaN	NaN	NaN	NaN	NaN
443.000000	735.294118	0.000000	657.894737	0.000000	735.315500	0.223953	0.042268	0.011940	-0.000142	0.000622	-0.000299	0.000000	NaN	NaN	NaN	NaN	NaN	NaN	NaN
444.000000	735.294118	0.000000	666.666667	0.000000	735.315500	0.182052	-0.014340	0.014567	0.000005	0.000566	-0.000298	0.000000	NaN	NaN	NaN	NaN	NaN	NaN	NaN
445.000000	735.294118	0.000000	675.675676	0.000000	735.315500	0.063310	0.085667	0.016299	-0.000013	0.000749	-0.000289	0.000000	NaN	NaN	NaN	NaN	NaN	NaN	NaN
446.000000	735.294118	0.000000	684.931507	0.000000	735.315500	0.218349	0.087912	0.017382	-0.000038	0.000499	-0.000294	0.000000	NaN	NaN	NaN	NaN	NaN	NaN	NaN
447.000000	735.294118	0.000000	694.444444	0.000000	735.315500	0.225684	0.086761	0.017238	0.000046	0.000674	-0.000274	0.000000	NaN	NaN	NaN	NaN	NaN	NaN	NaN
448.000000	735.294118	0.000000	704.225352	0.000000	735.315500	0.127189	0.069721	0.023396	0.000114	0.000441	-0.000268	0.000000	NaN	NaN	NaN	NaN	NaN	NaN	NaN
449.000000	735.294118	0.000000	714.285714	0.000000	735.315500	0.199677	0.014454	0.041374	0.000085	0.000408	-0.000315	0.000000	NaN	NaN	NaN	NaN	NaN	NaN	NaN
450.000000	735.294118	0.000000	724.637681	0.000000	735.315500	0.206313	0.078939	0.058414	0.000146	0.000670	-0.000275	0.000000	NaN	NaN	NaN	NaN	NaN	NaN	NaN
451.000000	735.294118	0.000000	735.294118	0.000000	735.315500	0.155965	0.055617	0.029448	-0.000041	0.000583	-0.000266	0.000000	NaN	NaN	NaN	NaN	NaN	NaN	NaN
452.000000	735.294118	0.000000	746.268657	0.000000	735.315500	0.165546	0.072639	0.047456	-0.000028	0.000593	-0.000281	0.000000	NaN	NaN	NaN	NaN	NaN	NaN	NaN
453.000000	735.294118	0.000000	757.575758	0.000000	735.315500	0.145801	0.094894	0.054718	-0.000009	0.000688	-0.000315	0.000000	NaN	NaN	NaN	NaN	NaN	NaN	NaN
454.000000	735.294118	0.000000	769.230769	0.000000	735.315500	0.198460	0.033586	0.029463	-0.000018	0.000646	-0.000288	0.000000	NaN	NaN	NaN	NaN	NaN	NaN	NaN
455.000000	735.294118	0.000000	781.250000	0.000000	735.315500	0.247517	-0.011349	0.022516	-0.000018	0.000576	-0.000264	0.000000	NaN	NaN	NaN	NaN	NaN	NaN	NaN
456.000000	735.294118	0.000000	793.650794	0.000000	735.315500	0.227760	0.096377	0.021240	-0.000227	0.000450	-0.000299	0.000000	NaN	NaN	NaN	NaN	NaN	NaN	NaN
457.000000	746.268657	0.000000	581.395349	0.000000	746.305400	0.249226	-0.008178	-0.000642	-0.000013	0.000511	-0.000263	0.000000	NaN	NaN	NaN	NaN	NaN	NaN	NaN
458.000000	746.268657	0.000000	588.235294	0.000000	746.305400	0.153344	0.035452	0.003600	0.000042	0.000418	-0.000311	0.000000	NaN	NaN	NaN	NaN	NaN	NaN	NaN
459.000000	746.268657	0.000000	595.238095	0.000000	746.305400	0.122806	0.043318	-0.002842	-0.000037	0.000489	-0.000292	0.000000	NaN	NaN	NaN	NaN	NaN	NaN	NaN
460.000000	746.268657	0.000000	602.409639	0.000000	746.305400	0.188907	0.083302	0.012102	-0.000025	0.000601	-0.000282	0.000000	NaN	NaN	NaN	NaN	NaN	NaN	NaN
461.000000	746.268657	0.000000	609.756098	0.000000	746.305400	0.143652	0.007575	0.018338	0.000075	0.000667	-0.000281	0.000000	NaN	NaN	NaN	NaN	NaN	NaN	NaN
462.000000	746.268657	0.000000	617.283951	0.000000	746.305400	0.205692	-0.029208	0.016232	0.000098	0.000677	-0.000283	0.000000	NaN	NaN	NaN	NaN	NaN	NaN	NaN
463.000000	746.268657	0.000000	625.000000	0.000000	746.305400	0.163471	0.024471	0.014213	0.000093	0.000735	-0.000313	0.000000	NaN	NaN	NaN	NaN	NaN	NaN	NaN
464.000000	746.268657	0.000000	632.911392	0.000000	746.305400	0.228727	0.095560	0.008254	0.000027	0.000449	-0.000270	0.000000	NaN	NaN	NaN	NaN	NaN	NaN	NaN
465.000000	746.268657	0.000000	641.025641	0.000000	746.305400	0.175637	0.106047	0.015022	0.000005	0.000610	-0.000291	0.000000	NaN	NaN	NaN	NaN	NaN	NaN	NaN
466.000000	746.268657	0.000000	649.350649	0.000000	746.305400	0.193798	0.068242	0.020668	-0.000168	0.000619	-0.000283	0.000000	NaN	NaN	NaN	NaN	NaN	NaN	NaN
467.000000	746.268657	0.000000	657.894737	0.000000	746.305400	0.185449	0.070476	0.014877	-0.000031	0.000563	-0.000275	0.000000	NaN	NaN	NaN	NaN	NaN	NaN	NaN
468.000000	746.268657	0.000000	666.666667	0.000000	746.305400	0.210261	0.080582	0.012341	-0.000194	0.000419	-0.000291	0.000000	NaN	NaN	NaN	NaN	NaN	NaN	NaN
469.000000	746.268657	0.000000	675.675676	0.000000	746.305400	0.224944	0.113875	0.013986	-0.000232	0.000857	-0.000291	0.000000	NaN	NaN	NaN	NaN	NaN	NaN	NaN
470.000000	746.268657	0.000000	684.931507	0.000000	746.305400	0.179845	0.116121	0.016163	-0.000023	0.000615	-0.000280	0.000000	NaN	NaN	NaN	NaN	NaN	NaN	NaN
471.000000	746.268657	0.000000	694.444444	0.000000	746.305400	0.187180	0.048257	0.015645	0.000109	0.000699	-0.000285	0.000000	NaN	NaN	NaN	NaN	NaN	NaN	NaN
472.000000	746.268657	0.000000	704.225352	0.000000	746.305400	0.222110	0.097930	0.018607	-0.000265	0.000757	-0.000282	0.000000	NaN	NaN	NaN	NaN	NaN	NaN	NaN
473.000000	746.268657	0.000000	714.285714	0.000000	746.305400	0.227886	0.109375	0.025218	-0.000143	0.000663	-0.000288	0.000000	NaN	NaN	NaN	NaN	NaN	NaN	NaN
474.000000	746.268657	0.000000	724.637681	0.000000	746.305400	0.167809	0.040435	0.037034	-0.000087	0.000544	-0.000289	0.000000	NaN	NaN	NaN	NaN	NaN	NaN	NaN
475.000000	746.268657	0.000000	735.294118	0.000000	746.305400	0.184174	0.083826	0.039982	-0.000132	0.000524	-0.000303	0.000000	NaN	NaN	NaN	NaN	NaN	NaN	NaN
476.000000	746.268657	0.000000	746.268657	0.000000	746.305400	0.193754	-0.032578	0.031324	-0.000145	0.000591	-0.000287	0.000000	NaN	NaN	NaN	NaN	NaN	NaN	NaN
477.000000	746.268657	0.000000	757.575758	0.000000	746.305400	0.240723	0.056390	0.035409	-0.000258	0.000759	-0.000282	0.000000	NaN	NaN	NaN	NaN	NaN	NaN	NaN
478.000000	746.268657	0.000000	769.230769	0.000000	746.305400	0.226668	0.128507	0.033112	-0.000075	0.000572	-0.000295	0.000000	NaN	NaN	NaN	NaN	NaN	NaN	NaN
479.000000	746.268657	0.000000	781.250000	0.000000	746.305400	0.209013	0.083572	0.015233	0.000199	0.000793	-0.000294	0.000000	NaN	NaN	NaN	NaN	NaN	NaN	NaN
480.000000	746.268657	0.000000	793.650794	0.000000	746.305400	0.189256	0.057873	0.014868	-0.000159	0.000732	-0.000277	0.000000	NaN	NaN	NaN	NaN	NaN	NaN	NaN
481.000000	757.575758	0.000000	581.395349	0.000000	757.601000	0.165307	0.108041	-0.000456	-0.000247	0.000484	-0.000283	0.000000	NaN	NaN	NaN	NaN	NaN	NaN	NaN
482.000000	757.575758	0.000000	588.235294	0.000000	757.601000	0.202851	0.018246	0.003309	-0.000179	0.000619	-0.000260	0.000000	NaN	NaN	NaN	NaN	NaN	NaN	NaN
483.000000	757.575758	0.000000	595.238095	0.000000	757.601000	0.239026	0.026112	-0.002382	-0.000094	0.000537	-0.000286	0.000000	NaN	NaN	NaN	NaN	NaN	NaN	NaN
484.000000	757.575758	0.000000	602.409639	0.000000	757.601000	0.238414	-0.000617	0.011852	-0.000064	0.000678	-0.000293	0.000000	NaN	NaN	NaN	NaN	NaN	NaN	NaN
485.000000	757.575758	0.000000	609.756098	0.000000	757.601000	0.193159	0.123795	0.015414	-0.000179	0.000479	-0.000276	0.000000	NaN	NaN	NaN	NaN	NaN	NaN	NaN
486.000000	757.575758	0.000000	617.283951	0.000000	757.601000	0.188486	0.087011	0.014365	-0.000172	0.000621	-0.000296	0.000000	NaN	NaN	NaN	NaN	NaN	NaN	NaN
487.000000	757.575758	0.000000	625.000000	0.000000	757.601000	0.146265	0.007266	0.014133	-0.000027	0.000651	-0.000275	0.000000	NaN	NaN	NaN	NaN	NaN	NaN	NaN
488.000000	757.575758	0.000000	632.911392	0.000000	757.601000	0.211522	0.078355	0.010320	-0.000371	0.000835	-0.000290	0.000000	NaN	NaN	NaN	NaN	NaN	NaN	NaN
489.000000	757.575758	0.000000	641.025641	0.000000	757.601000	0.225144	0.088841	0.015041	-0.000190	0.000695	-0.000301	0.000000	NaN	NaN	NaN	NaN	NaN	NaN	NaN
490.000000	757.575758	0.000000	649.350649	0.000000	757.601000	0.176592	0.051036	0.019140	0.000004	0.000678	-0.000290	0.000000	NaN	NaN	NaN	NaN	NaN	NaN	NaN
491.000000	757.575758	0.000000	657.894737	0.000000	757.601000	0.234956	-0.013443	0.010918	-0.000100	0.000756	-0.000270	0.000000	NaN	NaN	NaN	NaN	NaN	NaN	NaN
492.000000	757.575758	0.000000	666.666667	0.000000	757.601000	0.193055	-0.003337	0.011083	-0.000185	0.000787	-0.000301	0.000000	NaN	NaN	NaN	NaN	NaN	NaN	NaN
493.000000	757.575758	0.000000	675.675676	0.000000	757.601000	0.207739	0.096669	0.012235	-0.000199	0.000840	-0.000286	0.000000	NaN	NaN	NaN	NaN	NaN	NaN	NaN
494.000000	757.575758	0.000000	684.931507	0.000000	757.601000	0.162639	0.098915	0.016928	-0.000182	0.000621	-0.000290	0.000000	NaN	NaN	NaN	NaN	NaN	NaN	NaN
495.000000	757.575758	0.000000	694.444444	0.000000	757.601000	0.169974	0.097764	0.015535	-0.000050	0.000574	-0.000264	0.000000	NaN	NaN	NaN	NaN	NaN	NaN	NaN
496.000000	757.575758	0.000000	704.225352	0.000000	757.601000	0.138192	0.080724	0.015330	0.000044	0.000586	-0.000272	0.000000	NaN	NaN	NaN	NaN	NaN	NaN	NaN
497.000000	757.575758	0.000000	714.285714	0.000000	757.601000	0.210680	0.025456	0.020734	-0.000083	0.000496	-0.000296	0.000000	NaN	NaN	NaN	NaN	NaN	NaN	NaN
498.000000	757.575758	0.000000	724.637681	0.000000	757.601000	0.217316	0.089942	0.024924	-0.000058	0.000641	-0.000288	0.000000	NaN	NaN	NaN	NaN	NaN	NaN	NaN
499.000000	757.575758	0.000000	735.294118	0.000000	757.601000	0.166968	-0.000093	0.026979	-0.000033	0.000526	-0.000314	0.000000	NaN	NaN	NaN	NaN	NaN	NaN	NaN
500.000000	757.575758	0.000000	746.268657	0.000000	757.601000	0.176548	0.083641	0.042189	-0.000162	0.000459	-0.000282	0.000000	NaN	NaN	NaN	NaN	NaN	NaN	NaN
501.000000	757.575758	0.000000	757.575758	0.000000	757.601000	0.156804	0.105897	0.037065	-0.000193	0.000618	-0.000301	0.000000	NaN	NaN	NaN	NaN	NaN	NaN	NaN
502.000000	757.575758	0.000000	769.230769	0.000000	757.601000	0.142749	0.044588	0.022535	-0.000093	0.000583	-0.000291	0.000000	NaN	NaN	NaN	NaN	NaN	NaN	NaN
503.000000	757.575758	0.000000	781.250000	0.000000	757.601000	0.258520	-0.000346	0.021304	-0.000061	0.000392	-0.000283	0.000000	NaN	NaN	NaN	NaN	NaN	NaN	NaN
504.000000	757.575758	0.000000	793.650794	0.000000	757.601000	0.172050	-0.026046	0.014368	-0.000211	0.000684	-0.000286	0.000000	NaN	NaN	NaN	NaN	NaN	NaN	NaN
505.000000	769.230769	0.000000	581.395349	0.000000	769.202000	0.162345	0.038366	-0.001941	-0.000107	0.000685	-0.000286	0.000000	NaN	NaN	NaN	NaN	NaN	NaN	NaN
506.000000	769.230769	0.000000	588.235294	0.000000	769.202000	0.199888	0.081996	0.001781	-0.000075	0.000434	-0.000292	0.000000	NaN	NaN	NaN	NaN	NaN	NaN	NaN
507.000000	769.230769	0.000000	595.238095	0.000000	769.202000	0.169350	0.089863	-0.003826	-0.000127	0.000670	-0.000285	0.000000	NaN	NaN	NaN	NaN	NaN	NaN	NaN
508.000000	769.230769	0.000000	602.409639	0.000000	769.202000	0.235452	-0.003579	0.006416	-0.000082	0.000831	-0.000269	0.000000	NaN	NaN	NaN	NaN	NaN	NaN	NaN
509.000000	769.230769	0.000000	609.756098	0.000000	769.202000	0.190197	0.054120	0.011876	-0.000096	0.000583	-0.000277	0.000000	NaN	NaN	NaN	NaN	NaN	NaN	NaN
510.000000	769.230769	0.000000	617.283951	0.000000	769.202000	0.118811	0.017336	0.011245	-0.000093	0.000572	-0.000296	0.000000	NaN	NaN	NaN	NaN	NaN	NaN	NaN
511.000000	769.230769	0.000000	625.000000	0.000000	769.202000	0.210016	0.071016	0.010511	-0.000090	0.000555	-0.000285	0.000000	NaN	NaN	NaN	NaN	NaN	NaN	NaN
512.000000	769.230769	0.000000	632.911392	0.000000	769.202000	0.141846	0.008679	0.008287	0.000072	0.000593	-0.000278	0.000000	NaN	NaN	NaN	NaN	NaN	NaN	NaN
513.000000	769.230769	0.000000	641.025641	0.000000	769.202000	0.222182	0.019166	0.011643	-0.000223	0.000438	-0.000291	0.000000	NaN	NaN	NaN	NaN	NaN	NaN	NaN
514.000000	769.230769	0.000000	649.350649	0.000000	769.202000	0.173630	0.048074	0.012924	0.000048	0.000783	-0.000304	0.000000	NaN	NaN	NaN	NaN	NaN	NaN	NaN
515.000000	769.230769	0.000000	657.894737	0.000000	769.202000	0.231994	0.117021	0.008575	-0.000007	0.000388	-0.000283	0.000000	NaN	NaN	NaN	NaN	NaN	NaN	NaN
516.000000	769.230769	0.000000	666.666667	0.000000	769.202000	0.190093	0.127126	0.007291	-0.000097	0.000650	-0.000289	0.000000	NaN	NaN	NaN	NaN	NaN	NaN	NaN
517.000000	769.230769	0.000000	675.675676	0.000000	769.202000	0.138063	0.026994	0.007747	0.000027	0.000480	-0.000283	0.000000	NaN	NaN	NaN	NaN	NaN	NaN	NaN
518.000000	769.230769	0.000000	684.931507	0.000000	769.202000	0.226390	0.029240	0.010795	-0.000235	0.000693	-0.000282	0.000000	NaN	NaN	NaN	NaN	NaN	NaN	NaN
519.000000	769.230769	0.000000	694.444444	0.000000	769.202000	0.233724	0.094801	0.010233	-0.000010	0.000579	-0.000291	0.000000	NaN	NaN	NaN	NaN	NaN	NaN	NaN
520.000000	769.230769	0.000000	704.225352	0.000000	769.202000	0.268655	0.011049	0.011734	-0.000229	0.000763	-0.000303	0.000000	NaN	NaN	NaN	NaN	NaN	NaN	NaN
521.000000	769.230769	0.000000	714.285714	0.000000	769.202000	0.141005	0.022494	0.013198	-0.000031	0.000531	-0.000278	0.000000	NaN	NaN	NaN	NaN	NaN	NaN	NaN
522.000000	769.230769	0.000000	724.637681	0.000000	769.202000	0.214354	0.086980	0.016209	-0.000000	0.000504	-0.000278	0.000000	NaN	NaN	NaN	NaN	NaN	NaN	NaN
523.000000	769.230769	0.000000	735.294118	0.000000	769.202000	0.164006	-0.003055	0.014289	-0.000057	0.000711	-0.000271	0.000000	NaN	NaN	NaN	NaN	NaN	NaN	NaN
524.000000	769.230769	0.000000	746.268657	0.000000	769.202000	0.173586	0.013966	0.021449	0.000009	0.000433	-0.000270	0.000000	NaN	NaN	NaN	NaN	NaN	NaN	NaN
525.000000	769.230769	0.000000	757.575758	0.000000	769.202000	0.153842	0.102934	0.030683	0.000029	0.000559	-0.000263	0.000000	NaN	NaN	NaN	NaN	NaN	NaN	NaN
526.000000	769.230769	0.000000	769.230769	0.000000	769.202000	0.139787	0.041626	0.020980	-0.000118	0.000621	-0.000291	0.000000	NaN	NaN	NaN	NaN	NaN	NaN	NaN
527.000000	769.230769	0.000000	781.250000	0.000000	769.202000	0.255557	0.130117	0.011803	-0.000069	0.000696	-0.000279	0.000000	NaN	NaN	NaN	NaN	NaN	NaN	NaN
528.000000	769.230769	0.000000	793.650794	0.000000	769.202000	0.235801	0.104418	0.011160	-0.000188	0.000446	-0.000292	0.000000	NaN	NaN	NaN	NaN	NaN	NaN	NaN
529.000000	781.250000	0.000000	581.395349	0.000000	781.211100	0.135678	0.078412	-0.003934	-0.000098	0.000849	-0.000286	0.000000	NaN	NaN	NaN	NaN	NaN	NaN	NaN
530.000000	781.250000	0.000000	588.235294	0.000000	781.211100	0.173222	-0.011383	-0.000722	-0.000109	0.000667	-0.000302	0.000000	NaN	NaN	NaN	NaN	NaN	NaN	NaN
531.000000	781.250000	0.000000	595.238095	0.000000	781.211100	0.209397	0.129909	-0.004992	0.000022	0.000768	-0.000285	0.000000	NaN	NaN	NaN	NaN	NaN	NaN	NaN
532.000000	781.250000	0.000000	602.409639	0.000000	781.211100	0.208785	0.103180	0.003835	0.000175	0.000877	-0.000277	0.000000	NaN	NaN	NaN	NaN	NaN	NaN	NaN
533.000000	781.250000	0.000000	609.756098	0.000000	781.211100	0.230243	0.094166	0.007378	-0.000039	0.000794	-0.000241	0.000000	NaN	NaN	NaN	NaN	NaN	NaN	NaN
534.000000	781.250000	0.000000	617.283951	0.000000	781.211100	0.158857	0.057383	0.006446	-0.000140	0.000584	-0.000282	0.000000	NaN	NaN	NaN	NaN	NaN	NaN	NaN
535.000000	781.250000	0.000000	625.000000	0.000000	781.211100	0.250062	0.111062	0.006694	0.000030	0.000763	-0.000293	0.000000	NaN	NaN	NaN	NaN	NaN	NaN	NaN
536.000000	781.250000	0.000000	632.911392	0.000000	781.211100	0.181893	0.048726	0.003658	-0.000102	0.000582	-0.000291	0.000000	NaN	NaN	NaN	NaN	NaN	NaN	NaN
537.000000	781.250000	0.000000	641.025641	0.000000	781.211100	0.195515	0.059213	0.008032	-0.000086	0.000496	-0.000278	0.000000	NaN	NaN	NaN	NaN	NaN	NaN	NaN
538.000000	781.250000	0.000000	649.350649	0.000000	781.211100	0.146963	0.021407	0.009669	-0.000130	0.000528	-0.000276	0.000000	NaN	NaN	NaN	NaN	NaN	NaN	NaN
539.000000	781.250000	0.000000	657.894737	0.000000	781.211100	0.205327	0.023641	0.005599	-0.000122	0.000729	-0.000306	0.000000	NaN	NaN	NaN	NaN	NaN	NaN	NaN
540.000000	781.250000	0.000000	666.666667	0.000000	781.211100	0.163426	0.100460	0.003329	0.000110	0.000565	-0.000295	0.000000	NaN	NaN	NaN	NaN	NaN	NaN	NaN
541.000000	781.250000	0.000000	675.675676	0.000000	781.211100	0.178110	0.067040	0.004585	-0.000094	0.000684	-0.000264	0.000000	NaN	NaN	NaN	NaN	NaN	NaN	NaN
542.000000	781.250000	0.000000	684.931507	0.000000	781.211100	0.266436	0.069286	0.006750	-0.000082	0.000576	-0.000301	0.000000	NaN	NaN	NaN	NaN	NaN	NaN	NaN
543.000000	781.250000	0.000000	694.444444	0.000000	781.211100	0.273771	0.068135	0.006868	-0.000086	0.000915	-0.000307	0.000000	NaN	NaN	NaN	NaN	NaN	NaN	NaN
544.000000	781.250000	0.000000	704.225352	0.000000	781.211100	0.108563	0.051095	0.008128	-0.000190	0.000427	-0.000293	0.000000	NaN	NaN	NaN	NaN	NaN	NaN	NaN
545.000000	781.250000	0.000000	714.285714	0.000000	781.211100	0.181051	0.062540	0.008236	0.000072	0.000453	-0.000294	0.000000	NaN	NaN	NaN	NaN	NaN	NaN	NaN
546.000000	781.250000	0.000000	724.637681	0.000000	781.211100	0.187687	0.060313	0.011907	-0.000037	0.000801	-0.000293	0.000000	NaN	NaN	NaN	NaN	NaN	NaN	NaN
547.000000	781.250000	0.000000	735.294118	0.000000	781.211100	0.137339	0.036991	0.008470	-0.000059	0.000668	-0.000272	0.000000	NaN	NaN	NaN	NaN	NaN	NaN	NaN
548.000000	781.250000	0.000000	746.268657	0.000000	781.211100	0.146920	0.054013	0.009356	-0.000051	0.000604	-0.000312	0.000000	NaN	NaN	NaN	NaN	NaN	NaN	NaN
549.000000	781.250000	0.000000	757.575758	0.000000	781.211100	0.127175	0.076268	0.013620	0.000137	0.000565	-0.000299	0.000000	NaN	NaN	NaN	NaN	NaN	NaN	NaN
550.000000	781.250000	0.000000	769.230769	0.000000	781.211100	0.179833	0.014960	0.014269	-0.000224	0.000473	-0.000270	0.000000	NaN	NaN	NaN	NaN	NaN	NaN	NaN
551.000000	781.250000	0.000000	781.250000	0.000000	781.211100	0.228891	-0.029975	0.008144	0.000039	0.000389	-0.000267	0.000000	NaN	NaN	NaN	NaN	NaN	NaN	NaN
552.000000	781.250000	0.000000	793.650794	0.000000	781.211100	0.275847	0.077751	0.007434	0.000054	0.000591	-0.000297	0.000000	NaN	NaN	NaN	NaN	NaN	NaN	NaN
553.000000	793.650794	0.000000	581.395349	0.000000	793.627700	0.177334	0.120068	-0.005293	-0.000070	0.000497	-0.000282	0.000000	NaN	NaN	NaN	NaN	NaN	NaN	NaN
554.000000	793.650794	0.000000	588.235294	0.000000	793.627700	0.214877	0.030272	-0.003451	-0.000087	0.000527	-0.000289	0.000000	NaN	NaN	NaN	NaN	NaN	NaN	NaN
555.000000	793.650794	0.000000	595.238095	0.000000	793.627700	0.251052	0.038139	-0.005756	0.000135	0.000611	-0.000300	0.000000	NaN	NaN	NaN	NaN	NaN	NaN	NaN
556.000000	793.650794	0.000000	602.409639	0.000000	793.627700	0.250441	0.011410	-0.000497	-0.000121	0.000709	-0.000274	0.000000	NaN	NaN	NaN	NaN	NaN	NaN	NaN
557.000000	793.650794	0.000000	609.756098	0.000000	793.627700	0.205186	0.069109	0.003029	-0.000143	0.000559	-0.000300	0.000000	NaN	NaN	NaN	NaN	NaN	NaN	NaN
558.000000	793.650794	0.000000	617.283951	0.000000	793.627700	0.200513	0.099038	0.003534	-0.000234	0.000861	-0.000294	0.000000	NaN	NaN	NaN	NaN	NaN	NaN	NaN
559.000000	793.650794	0.000000	625.000000	0.000000	793.627700	0.158292	0.019292	0.002575	0.000128	0.000773	-0.000285	0.000000	NaN	NaN	NaN	NaN	NaN	NaN	NaN
560.000000	793.650794	0.000000	632.911392	0.000000	793.627700	0.156835	0.090381	0.001298	-0.000113	0.000542	-0.000274	0.000000	NaN	NaN	NaN	NaN	NaN	NaN	NaN
561.000000	793.650794	0.000000	641.025641	0.000000	793.627700	0.237171	0.100868	0.003981	-0.000049	0.000590	-0.000274	0.000000	NaN	NaN	NaN	NaN	NaN	NaN	NaN
562.000000	793.650794	0.000000	649.350649	0.000000	793.627700	0.188619	0.063063	0.005264	0.000070	0.000518	-0.000296	0.000000	NaN	NaN	NaN	NaN	NaN	NaN	NaN
563.000000	793.650794	0.000000	657.894737	0.000000	793.627700	0.246983	-0.001416	0.001746	0.000089	0.000799	-0.000291	0.000000	NaN	NaN	NaN	NaN	NaN	NaN	NaN
564.000000	793.650794	0.000000	666.666667	0.000000	793.627700	0.205082	0.008690	0.001798	-0.000031	0.000527	-0.000286	0.000000	NaN	NaN	NaN	NaN	NaN	NaN	NaN
565.000000	793.650794	0.000000	675.675676	0.000000	793.627700	0.219765	0.041983	0.002540	-0.000019	0.000577	-0.000283	0.000000	NaN	NaN	NaN	NaN	NaN	NaN	NaN
566.000000	793.650794	0.000000	684.931507	0.000000	793.627700	0.174666	0.044229	0.004379	0.000166	0.000402	-0.000306	0.000000	NaN	NaN	NaN	NaN	NaN	NaN	NaN
567.000000	793.650794	0.000000	694.444444	0.000000	793.627700	0.115288	0.109790	0.005242	0.000098	0.000620	-0.000275	0.000000	NaN	NaN	NaN	NaN	NaN	NaN	NaN
568.000000	793.650794	0.000000	704.225352	0.000000	793.627700	0.150218	0.092750	0.006394	0.000067	0.000819	-0.000261	0.000000	NaN	NaN	NaN	NaN	NaN	NaN	NaN
569.000000	793.650794	0.000000	714.285714	0.000000	793.627700	0.222707	0.037483	0.007097	0.000271	0.000552	-0.000286	0.000000	NaN	NaN	NaN	NaN	NaN	NaN	NaN
570.000000	793.650794	0.000000	724.637681	0.000000	793.627700	0.229343	0.101969	0.008941	0.000170	0.000838	-0.000282	0.000000	NaN	NaN	NaN	NaN	NaN	NaN	NaN
571.000000	793.650794	0.000000	735.294118	0.000000	793.627700	0.178995	0.011934	0.007059	0.000363	0.000620	-0.000304	0.000000	NaN	NaN	NaN	NaN	NaN	NaN	NaN
572.000000	793.650794	0.000000	746.268657	0.000000	793.627700	0.188575	0.095668	0.007196	0.000066	0.000616	-0.000241	0.000000	NaN	NaN	NaN	NaN	NaN	NaN	NaN
573.000000	793.650794	0.000000	757.575758	0.000000	793.627700	0.168831	0.117924	0.007445	-0.000047	0.000406	-0.000269	0.000000	NaN	NaN	NaN	NaN	NaN	NaN	NaN
574.000000	793.650794	0.000000	769.230769	0.000000	793.627700	0.154776	0.056615	0.007839	0.000030	0.000592	-0.000306	0.000000	NaN	NaN	NaN	NaN	NaN	NaN	NaN
575.000000	793.650794	0.000000	781.250000	0.000000	793.627700	0.137121	0.011680	0.006785	-0.000126	0.000456	-0.000245	0.000000	NaN	NaN	NaN	NaN	NaN	NaN	NaN
576.000000	793.650794	0.000000	793.650794	0.000000	793.627700	0.117364	-0.014019	0.007527	-0.000054	0.000795	-0.000271	0.000000	NaN	NaN	NaN	NaN	NaN	NaN	NaN
