1.000000	581.395349	0.000000	581.395349	0.000000	581.442000	0.106139	0.211692	1.201542	-0.000611	0.000482	-0.000319	0.000000	NaN	NaN	NaN	NaN	NaN	NaN	NaN
2.000000	581.395349	0.000000	588.235294	0.000000	581.442000	0.143683	0.121897	1.210632	-0.000708	0.000482	-0.000288	0.000000	NaN	NaN	NaN	NaN	NaN	NaN	NaN
3.000000	581.395349	0.000000	595.238095	0.000000	581.442000	0.113145	0.129763	0.297994	-0.000426	0.000339	-0.000307	0.000000	NaN	NaN	NaN	NaN	NaN	NaN	NaN
4.000000	581.395349	0.000000	602.409639	0.000000	581.442000	0.179246	0.103034	1.053079	-0.000836	0.000679	-0.000311	0.000000	NaN	NaN	NaN	NaN	NaN	NaN	NaN
5.000000	581.395349	0.000000	609.756098	0.000000	581.442000	0.133991	0.227446	1.206173	-0.001129	0.000560	-0.000311	0.000000	NaN	NaN	NaN	NaN	NaN	NaN	NaN
6.000000	581.395349	0.000000	617.283951	0.000000	581.442000	0.196031	0.190662	0.972598	-0.000827	0.000553	-0.000282	0.000000	NaN	NaN	NaN	NaN	NaN	NaN	NaN
7.000000	581.395349	0.000000	625.000000	0.000000	581.442000	0.153810	0.110916	0.833288	-0.000607	0.000710	-0.000282	0.000000	NaN	NaN	NaN	NaN	NaN	NaN	NaN
8.000000	581.395349	0.000000	632.911392	0.000000	581.442000	0.192440	0.152125	0.699407	-0.000378	0.000574	-0.000277	0.000000	NaN	NaN	NaN	NaN	NaN	NaN	NaN
9.000000	581.395349	0.000000	641.025641	0.000000	581.442000	0.148144	0.106511	0.826239	-0.000642	0.000609	-0.000286	0.000000	NaN	NaN	NaN	NaN	NaN	NaN	NaN
10.000000	581.395349	0.000000	649.350649	0.000000	581.442000	0.175760	0.212044	0.765952	-0.000663	0.000888	-0.000296	0.000000	NaN	NaN	NaN	NaN	NaN	NaN	NaN
11.000000	581.395349	0.000000	657.894737	0.000000	581.442000	0.175788	0.156921	0.522139	-0.000604	0.000347	-0.000333	0.000000	NaN	NaN	NaN	NaN	NaN	NaN	NaN
12.000000	581.395349	0.000000	666.666667	0.000000	581.442000	0.133887	0.100314	0.416163	-0.000201	0.000364	-0.000307	0.000000	NaN	NaN	NaN	NaN	NaN	NaN	NaN
13.000000	581.395349	0.000000	675.675676	0.000000	581.442000	0.081858	0.200320	0.360882	-0.000280	0.000770	-0.000267	0.000000	NaN	NaN	NaN	NaN	NaN	NaN	NaN
14.000000	581.395349	0.000000	684.931507	0.000000	581.442000	0.170184	0.202566	0.290837	-0.000343	0.000695	-0.000264	0.000000	NaN	NaN	NaN	NaN	NaN	NaN	NaN
15.000000	581.395349	0.000000	694.444444	0.000000	581.442000	0.177519	0.201415	0.214384	-0.000239	0.000857	-0.000274	0.000000	NaN	NaN	NaN	NaN	NaN	NaN	NaN
16.000000	581.395349	0.000000	704.225352	0.000000	581.442000	0.212449	0.184375	0.175286	-0.000380	0.000872	-0.000286	0.000000	NaN	NaN	NaN	NaN	NaN	NaN	NaN
17.000000	581.395349	0.000000	714.285714	0.000000	581.442000	0.084799	0.195820	0.126698	-0.000181	0.000788	-0.000275	0.000000	NaN	NaN	NaN	NaN	NaN	NaN	NaN
18.000000	581.395349	0.000000	724.637681	0.000000	581.442000	0.158148	0.193593	0.086706	0.000009	0.000708	-0.000261	0.000000	NaN	NaN	NaN	NaN	NaN	NaN	NaN
19.000000	581.395349	0.000000	735.294118	0.000000	581.442000	0.241226	0.170271	0.035014	-0.000087	0.000560	-0.000248	0.000000	NaN	NaN	NaN	NaN	NaN	NaN	NaN
20.000000	581.395349	0.000000	746.268657	0.000000	581.442000	0.117381	0.187292	0.019855	-0.000238	0.000690	-0.000304	0.000000	NaN	NaN	NaN	NaN	NaN	NaN	NaN
21.000000	581.395349	0.000000	757.575758	0.000000	581.442000	0.231062	0.076122	-0.003662	-0.000392	0.000858	-0.000296	0.000000	NaN	NaN	NaN	NaN	NaN	NaN	NaN
22.000000	581.395349	0.000000	769.230769	0.000000	581.442000	0.217007	0.148239	-0.024349	-0.000126	0.000568	-0.000248	0.000000	NaN	NaN	NaN	NaN	NaN	NaN	NaN
23.000000	581.395349	0.000000	781.250000	0.000000	581.442000	0.199352	0.103305	-0.033425	-0.000083	0.000761	-0.000274	0.000000	NaN	NaN	NaN	NaN	NaN	NaN	NaN
24.000000	581.395349	0.000000	793.650794	0.000000	581.442000	0.179595	0.144318	-0.043865	-0.000283	0.000841	-0.000298	0.000000	NaN	NaN	NaN	NaN	NaN	NaN	NaN
25.000000	588.235294	0.000000	581.395349	0.000000	588.238500	0.163040	0.135167	1.016918	-0.001050	0.000688	-0.000301	0.000000	NaN	NaN	NaN	NaN	NaN	NaN	NaN
26.000000	588.235294	0.000000	588.235294	0.000000	588.238500	0.200583	0.178797	1.236467	-0.000962	0.000282	-0.000277	0.000000	NaN	NaN	NaN	NaN	NaN	NaN	NaN
27.000000	588.235294	0.000000	595.238095	0.000000	588.238500	0.170045	0.186663	0.411592	-0.000499	0.000297	-0.000312	0.000000	NaN	NaN	NaN	NaN	NaN	NaN	NaN
28.000000	588.235294	0.000000	602.409639	0.000000	588.238500	0.102720	0.159934	1.485835	-0.000969	0.000646	-0.000278	0.000000	NaN	NaN	NaN	NaN	NaN	NaN	NaN
29.000000	588.235294	0.000000	609.756098	0.000000	588.238500	0.190892	0.150920	1.442222	-0.000914	0.000586	-0.000278	0.000000	NaN	NaN	NaN	NaN	NaN	NaN	NaN
30.000000	588.235294	0.000000	617.283951	0.000000	588.238500	0.119505	0.114137	1.068750	-0.000964	0.000940	-0.000325	0.000000	NaN	NaN	NaN	NaN	NaN	NaN	NaN
31.000000	588.235294	0.000000	625.000000	0.000000	588.238500	0.143997	0.167817	0.968023	-0.000543	0.000732	-0.000322	0.000000	NaN	NaN	NaN	NaN	NaN	NaN	NaN
32.000000	588.235294	0.000000	632.911392	0.000000	588.238500	0.115915	0.209025	0.756179	-0.000516	0.000742	-0.000314	0.000000	NaN	NaN	NaN	NaN	NaN	NaN	NaN
33.000000	588.235294	0.000000	641.025641	0.000000	588.238500	0.205044	0.163411	0.915645	-0.000779	0.000794	-0.000304	0.000000	NaN	NaN	NaN	NaN	NaN	NaN	NaN
34.000000	588.235294	0.000000	649.350649	0.000000	588.238500	0.099234	0.135519	0.763350	-0.000565	0.000325	-0.000288	0.000000	NaN	NaN	NaN	NaN	NaN	NaN	NaN
35.000000	588.235294	0.000000	657.894737	0.000000	588.238500	0.099263	0.213821	0.641570	-0.000528	0.000544	-0.000259	0.000000	NaN	NaN	NaN	NaN	NaN	NaN	NaN
36.000000	588.235294	0.000000	666.666667	0.000000	588.238500	0.190787	0.157214	0.520175	-0.000373	0.000725	-0.000267	0.000000	NaN	NaN	NaN	NaN	NaN	NaN	NaN
37.000000	588.235294	0.000000	675.675676	0.000000	588.238500	0.138758	0.123795	0.427475	-0.000342	0.000589	-0.000295	0.000000	NaN	NaN	NaN	NaN	NaN	NaN	NaN
38.000000	588.235294	0.000000	684.931507	0.000000	588.238500	0.093659	0.126040	0.418746	-0.000164	0.000703	-0.000325	0.000000	NaN	NaN	NaN	NaN	NaN	NaN	NaN
39.000000	588.235294	0.000000	694.444444	0.000000	588.238500	0.100993	0.124889	0.312958	-0.000284	0.000466	-0.000277	0.000000	NaN	NaN	NaN	NaN	NaN	NaN	NaN
40.000000	588.235294	0.000000	704.225352	0.000000	588.238500	0.135924	0.107849	0.249518	-0.000607	0.000698	-0.000277	0.000000	NaN	NaN	NaN	NaN	NaN	NaN	NaN
41.000000	588.235294	0.000000	714.285714	0.000000	588.238500	0.141699	0.119295	0.180596	-0.000032	0.000441	-0.000269	0.000000	NaN	NaN	NaN	NaN	NaN	NaN	NaN
42.000000	588.235294	0.000000	724.637681	0.000000	588.238500	0.215048	0.117068	0.171648	-0.000232	0.000446	-0.000285	0.000000	NaN	NaN	NaN	NaN	NaN	NaN	NaN
43.000000	588.235294	0.000000	735.294118	0.000000	588.238500	0.164700	0.227171	0.093549	-0.000044	0.000658	-0.000272	0.000000	NaN	NaN	NaN	NaN	NaN	NaN	NaN
44.000000	588.235294	0.000000	746.268657	0.000000	588.238500	0.174281	0.110767	0.096636	0.000036	0.000392	-0.000293	0.000000	NaN	NaN	NaN	NaN	NaN	NaN	NaN
45.000000	588.235294	0.000000	757.575758	0.000000	588.238500	0.154536	0.133022	0.038239	-0.000203	0.000595	-0.000280	0.000000	NaN	NaN	NaN	NaN	NaN	NaN	NaN
46.000000	588.235294	0.000000	769.230769	0.000000	588.238500	0.140482	0.138427	-0.001952	0.000323	0.000575	-0.000245	0.000000	NaN	NaN	NaN	NaN	NaN	NaN	NaN
47.000000	588.235294	0.000000	781.250000	0.000000	588.238500	0.122826	0.160205	-0.012291	0.000119	0.000262	-0.000256	0.000000	NaN	NaN	NaN	NaN	NaN	NaN	NaN
48.000000	588.235294	0.000000	793.650794	0.000000	588.238500	0.103070	0.201218	-0.027984	0.000117	0.000377	-0.000286	0.000000	NaN	NaN	NaN	NaN	NaN	NaN	NaN
49.000000	595.238095	0.000000	581.395349	0.000000	595.240400	0.154537	0.126664	0.654469	-0.000426	0.000395	-0.000282	0.000000	NaN	NaN	NaN	NaN	NaN	NaN	NaN
50.000000	595.238095	0.000000	588.235294	0.000000	595.240400	0.192080	0.170294	1.184898	-0.000848	0.000365	-0.000315	0.000000	NaN	NaN	NaN	NaN	NaN	NaN	NaN
51.000000	595.238095	0.000000	595.238095	0.000000	595.240400	0.161542	0.178160	0.606779	-0.000300	0.000761	-0.000335	0.000000	NaN	NaN	NaN	NaN	NaN	NaN	NaN
52.000000	595.238095	0.000000	602.409639	0.000000	595.240400	0.094218	0.151432	1.331557	-0.000675	0.000328	-0.000325	0.000000	NaN	NaN	NaN	NaN	NaN	NaN	NaN
53.000000	595.238095	0.000000	609.756098	0.000000	595.240400	0.182389	0.142417	1.090398	-0.000794	0.000584	-0.000307	0.000000	NaN	NaN	NaN	NaN	NaN	NaN	NaN
54.000000	595.238095	0.000000	617.283951	0.000000	595.240400	0.111003	0.105634	0.884725	-0.000538	0.000553	-0.000320	0.000000	NaN	NaN	NaN	NaN	NaN	NaN	NaN
55.000000	595.238095	0.000000	625.000000	0.000000	595.240400	0.135494	0.159314	0.792022	-0.000553	0.000714	-0.000328	0.000000	NaN	NaN	NaN	NaN	NaN	NaN	NaN
56.000000	595.238095	0.000000	632.911392	0.000000	595.240400	0.107412	0.200522	0.648846	-0.000330	0.000353	-0.000312	0.000000	NaN	NaN	NaN	NaN	NaN	NaN	NaN
57.000000	595.238095	0.000000	641.025641	0.000000	595.240400	0.196541	0.154908	0.709579	-0.000496	0.000548	-0.000277	0.000000	NaN	NaN	NaN	NaN	NaN	NaN	NaN
58.000000	595.238095	0.000000	649.350649	0.000000	595.240400	0.090732	0.127016	0.646873	-0.000524	0.000232	-0.000278	0.000000	NaN	NaN	NaN	NaN	NaN	NaN	NaN
59.000000	595.238095	0.000000	657.894737	0.000000	595.240400	0.090760	0.205318	0.572619	-0.000398	0.000801	-0.000304	0.000000	NaN	NaN	NaN	NaN	NaN	NaN	NaN
60.000000	595.238095	0.000000	666.666667	0.000000	595.240400	0.182284	0.215424	0.457096	-0.000294	0.000699	-0.000296	0.000000	NaN	NaN	NaN	NaN	NaN	NaN	NaN
61.000000	595.238095	0.000000	675.675676	0.000000	595.240400	0.130255	0.115292	0.432243	-0.000589	0.000724	-0.000272	0.000000	NaN	NaN	NaN	NaN	NaN	NaN	NaN
62.000000	595.238095	0.000000	684.931507	0.000000	595.240400	0.085156	0.117538	0.369780	-0.000060	0.000340	-0.000267	0.000000	NaN	NaN	NaN	NaN	NaN	NaN	NaN
63.000000	595.238095	0.000000	694.444444	0.000000	595.240400	0.092490	0.183099	0.290905	-0.000081	0.000758	-0.000293	0.000000	NaN	NaN	NaN	NaN	NaN	NaN	NaN
64.000000	595.238095	0.000000	704.225352	0.000000	595.240400	0.127421	0.099346	0.262824	-0.000052	0.000529	-0.000251	0.000000	NaN	NaN	NaN	NaN	NaN	NaN	NaN
65.000000	595.238095	0.000000	714.285714	0.000000	595.240400	0.199909	0.110792	0.199405	-0.000064	0.000584	-0.000295	0.000000	NaN	NaN	NaN	NaN	NaN	NaN	NaN
66.000000	595.238095	0.000000	724.637681	0.000000	595.240400	0.206545	0.175277	0.160546	-0.000458	0.000488	-0.000282	0.000000	NaN	NaN	NaN	NaN	NaN	NaN	NaN
67.000000	595.238095	0.000000	735.294118	0.000000	595.240400	0.156198	0.218668	0.103674	-0.000034	0.000582	-0.000275	0.000000	NaN	NaN	NaN	NaN	NaN	NaN	NaN
68.000000	595.238095	0.000000	746.268657	0.000000	595.240400	0.165778	0.102264	0.062324	-0.000453	0.000887	-0.000266	0.000000	NaN	NaN	NaN	NaN	NaN	NaN	NaN
69.000000	595.238095	0.000000	757.575758	0.000000	595.240400	0.146034	0.191232	0.028199	-0.000001	0.000581	-0.000262	0.000000	NaN	NaN	NaN	NaN	NaN	NaN	NaN
70.000000	595.238095	0.000000	769.230769	0.000000	595.240400	0.131979	0.129924	-0.005484	-0.000171	0.000826	-0.000261	0.000000	NaN	NaN	NaN	NaN	NaN	NaN	NaN
71.000000	595.238095	0.000000	781.250000	0.000000	595.240400	0.114323	0.218415	-0.018680	0.000180	0.000688	-0.000307	0.000000	NaN	NaN	NaN	NaN	NaN	NaN	NaN
72.000000	595.238095	0.000000	793.650794	0.000000	595.240400	0.094567	0.192715	-0.023219	-0.000104	0.000639	-0.000304	0.000000	NaN	NaN	NaN	NaN	NaN	NaN	NaN
73.000000	602.409639	0.000000	581.395349	0.000000	602.447300	0.085420	0.124260	0.299795	0.000063	0.000727	-0.000335	0.000000	NaN	NaN	NaN	NaN	NaN	NaN	NaN
74.000000	602.409639	0.000000	588.235294	0.000000	602.447300	0.122963	0.167890	0.683899	-0.000459	0.000383	-0.000224	0.000000	NaN	NaN	NaN	NaN	NaN	NaN	NaN
75.000000	602.409639	0.000000	595.238095	0.000000	602.447300	0.159138	0.109044	0.839973	-0.000610	0.000649	-0.000290	0.000000	NaN	NaN	NaN	NaN	NaN	NaN	NaN
76.000000	602.409639	0.000000	602.409639	0.000000	602.447300	0.158526	0.149028	1.225562	-0.000982	0.000451	-0.000309	0.000000	NaN	NaN	NaN	NaN	NaN	NaN	NaN
77.000000	602.409639	0.000000	609.756098	0.000000	602.447300	0.179985	0.140013	1.160004	-0.000589	0.000602	-0.000290	0.000000	NaN	NaN	NaN	NaN	NaN	NaN	NaN
78.000000	602.409639	0.000000	617.283951	0.000000	602.447300	0.242024	0.236656	0.817442	-0.000484	0.000632	-0.000317	0.000000	NaN	NaN	NaN	NaN	NaN	NaN	NaN
79.000000	602.409639	0.000000	625.000000	0.000000	602.447300	0.199803	0.156910	0.705525	-0.000676	0.000715	-0.000298	0.000000	NaN	NaN	NaN	NaN	NaN	NaN	NaN
80.000000	602.409639	0.000000	632.911392	0.000000	602.447300	0.171721	0.131405	0.662822	-0.000446	0.000510	-0.000285	0.000000	NaN	NaN	NaN	NaN	NaN	NaN	NaN
81.000000	602.409639	0.000000	641.025641	0.000000	602.447300	0.127424	0.152504	0.650829	-0.000655	0.000894	-0.000312	0.000000	NaN	NaN	NaN	NaN	NaN	NaN	NaN
82.000000	602.409639	0.000000	649.350649	0.000000	602.447300	0.155040	0.191325	0.523177	-0.000440	0.000468	-0.000282	0.000000	NaN	NaN	NaN	NaN	NaN	NaN	NaN
83.000000	602.409639	0.000000	657.894737	0.000000	602.447300	0.155069	0.136202	0.472699	-0.000471	0.000715	-0.000283	0.000000	NaN	NaN	NaN	NaN	NaN	NaN	NaN
84.000000	602.409639	0.000000	666.666667	0.000000	602.447300	0.113168	0.146307	0.351657	-0.000413	0.000636	-0.000293	0.000000	NaN	NaN	NaN	NaN	NaN	NaN	NaN
85.000000	602.409639	0.000000	675.675676	0.000000	602.447300	0.127851	0.179601	0.307714	-0.000058	0.000435	-0.000277	0.000000	NaN	NaN	NaN	NaN	NaN	NaN	NaN
86.000000	602.409639	0.000000	684.931507	0.000000	602.447300	0.216177	0.181846	0.336560	-0.000240	0.000549	-0.000291	0.000000	NaN	NaN	NaN	NaN	NaN	NaN	NaN
87.000000	602.409639	0.000000	694.444444	0.000000	602.447300	0.223512	0.113982	0.325560	-0.000224	0.000612	-0.000301	0.000000	NaN	NaN	NaN	NaN	NaN	NaN	NaN
88.000000	602.409639	0.000000	704.225352	0.000000	602.447300	0.191730	0.163655	0.257128	-0.000130	0.000313	-0.000293	0.000000	NaN	NaN	NaN	NaN	NaN	NaN	NaN
89.000000	602.409639	0.000000	714.285714	0.000000	602.447300	0.130792	0.175101	0.168868	0.000022	0.000751	-0.000283	0.000000	NaN	NaN	NaN	NaN	NaN	NaN	NaN
90.000000	602.409639	0.000000	724.637681	0.000000	602.447300	0.204141	0.106161	0.113585	-0.000388	0.000737	-0.000264	0.000000	NaN	NaN	NaN	NaN	NaN	NaN	NaN
91.000000	602.409639	0.000000	735.294118	0.000000	602.447300	0.087081	0.149552	0.078413	-0.000058	0.000502	-0.000266	0.000000	NaN	NaN	NaN	NaN	NaN	NaN	NaN
92.000000	602.409639	0.000000	746.268657	0.000000	602.447300	0.096661	0.233286	0.054830	-0.000010	0.000606	-0.000266	0.000000	NaN	NaN	NaN	NaN	NaN	NaN	NaN
93.000000	602.409639	0.000000	757.575758	0.000000	602.447300	0.076917	0.122115	0.015307	-0.000110	0.000709	-0.000293	0.000000	NaN	NaN	NaN	NaN	NaN	NaN	NaN
94.000000	602.409639	0.000000	769.230769	0.000000	602.447300	0.129575	0.194233	-0.014432	0.000181	0.000600	-0.000269	0.000000	NaN	NaN	NaN	NaN	NaN	NaN	NaN
95.000000	602.409639	0.000000	781.250000	0.000000	602.447300	0.178632	0.149298	-0.032023	-0.000006	0.000632	-0.000296	0.000000	NaN	NaN	NaN	NaN	NaN	NaN	NaN
96.000000	602.409639	0.000000	793.650794	0.000000	602.447300	0.225588	0.123599	-0.031924	-0.000206	0.000642	-0.000249	0.000000	NaN	NaN	NaN	NaN	NaN	NaN	NaN
97.000000	609.756098	0.000000	581.395349	0.000000	609.756400	0.164739	0.136866	0.314567	-0.000270	0.000739	-0.000278	0.000000	NaN	NaN	NaN	NaN	NaN	NaN	NaN
98.000000	609.756098	0.000000	588.235294	0.000000	609.756400	0.202282	0.180496	0.416300	-0.000454	0.000878	-0.000259	0.000000	NaN	NaN	NaN	NaN	NaN	NaN	NaN
99.000000	609.756098	0.000000	595.238095	0.000000	609.756400	0.171744	0.188362	0.823245	-0.000256	0.000305	-0.000320	0.000000	NaN	NaN	NaN	NaN	NaN	NaN	NaN
100.000000	609.756098	0.000000	602.409639	0.000000	609.756400	0.104419	0.161634	1.556602	-0.001267	0.000733	-0.000286	0.000000	NaN	NaN	NaN	NaN	NaN	NaN	NaN
101.000000	609.756098	0.000000	609.756098	0.000000	609.756400	0.059165	0.152619	1.620730	-0.001051	0.000467	-0.000299	0.000000	NaN	NaN	NaN	NaN	NaN	NaN	NaN
102.000000	609.756098	0.000000	617.283951	0.000000	609.756400	0.121205	0.115836	1.188140	-0.000710	0.000521	-0.000295	0.000000	NaN	NaN	NaN	NaN	NaN	NaN	NaN
103.000000	609.756098	0.000000	625.000000	0.000000	609.756400	0.145696	0.169516	0.865943	-0.000781	0.000686	-0.000317	0.000000	NaN	NaN	NaN	NaN	NaN	NaN	NaN
104.000000	609.756098	0.000000	632.911392	0.000000	609.756400	0.117614	0.210724	0.714767	-0.000511	0.000658	-0.000285	0.000000	NaN	NaN	NaN	NaN	NaN	NaN	NaN
105.000000	609.756098	0.000000	641.025641	0.000000	609.756400	0.206743	0.165110	0.799852	-0.000695	0.000391	-0.000303	0.000000	NaN	NaN	NaN	NaN	NaN	NaN	NaN
106.000000	609.756098	0.000000	649.350649	0.000000	609.756400	0.100934	0.137218	0.680404	-0.000521	0.000631	-0.000293	0.000000	NaN	NaN	NaN	NaN	NaN	NaN	NaN
107.000000	609.756098	0.000000	657.894737	0.000000	609.756400	0.100962	0.215520	0.580166	-0.000429	0.000705	-0.000314	0.000000	NaN	NaN	NaN	NaN	NaN	NaN	NaN
108.000000	609.756098	0.000000	666.666667	0.000000	609.756400	0.192486	0.225626	0.461156	-0.000160	0.000778	-0.000269	0.000000	NaN	NaN	NaN	NaN	NaN	NaN	NaN
109.000000	609.756098	0.000000	675.675676	0.000000	609.756400	0.140457	0.125494	0.418445	-0.000421	0.000462	-0.000274	0.000000	NaN	NaN	NaN	NaN	NaN	NaN	NaN
110.000000	609.756098	0.000000	684.931507	0.000000	609.756400	0.095358	0.127740	0.416102	-0.000148	0.000395	-0.000306	0.000000	NaN	NaN	NaN	NaN	NaN	NaN	NaN
111.000000	609.756098	0.000000	694.444444	0.000000	609.756400	0.102692	0.193301	0.349610	-0.000243	0.000859	-0.000285	0.000000	NaN	NaN	NaN	NaN	NaN	NaN	NaN
112.000000	609.756098	0.000000	704.225352	0.000000	609.756400	0.137623	0.109548	0.299014	-0.000229	0.000588	-0.000251	0.000000	NaN	NaN	NaN	NaN	NaN	NaN	NaN
113.000000	609.756098	0.000000	714.285714	0.000000	609.756400	0.210111	0.120994	0.245163	-0.000234	0.000632	-0.000259	0.000000	NaN	NaN	NaN	NaN	NaN	NaN	NaN
114.000000	609.756098	0.000000	724.637681	0.000000	609.756400	0.083322	0.185479	0.194902	-0.000358	0.000815	-0.000288	0.000000	NaN	NaN	NaN	NaN	NaN	NaN	NaN
115.000000	609.756098	0.000000	735.294118	0.000000	609.756400	0.166399	0.228870	0.119694	-0.000051	0.000417	-0.000299	0.000000	NaN	NaN	NaN	NaN	NaN	NaN	NaN
116.000000	609.756098	0.000000	746.268657	0.000000	609.756400	0.175980	0.112466	0.068025	-0.000032	0.000788	-0.000293	0.000000	NaN	NaN	NaN	NaN	NaN	NaN	NaN
117.000000	609.756098	0.000000	757.575758	0.000000	609.756400	0.156235	0.201434	0.014498	-0.000332	0.000542	-0.000245	0.000000	NaN	NaN	NaN	NaN	NaN	NaN	NaN
118.000000	609.756098	0.000000	769.230769	0.000000	609.756400	0.142181	0.140126	-0.006951	-0.000076	0.000848	-0.000315	0.000000	NaN	NaN	NaN	NaN	NaN	NaN	NaN
119.000000	609.756098	0.000000	781.250000	0.000000	609.756400	0.124525	0.228617	-0.032766	0.000062	0.000912	-0.000322	0.000000	NaN	NaN	NaN	NaN	NaN	NaN	NaN
120.000000	609.756098	0.000000	793.650794	0.000000	609.756400	0.104769	0.202917	-0.038409	-0.000022	0.000531	-0.000278	0.000000	NaN	NaN	NaN	NaN	NaN	NaN	NaN
121.000000	617.283951	0.000000	581.395349	0.000000	617.270600	0.156090	0.194930	0.296764	-0.000333	0.000872	-0.000237	0.000000	NaN	NaN	NaN	NaN	NaN	NaN	NaN
122.000000	617.283951	0.000000	588.235294	0.000000	617.270600	0.193634	0.238560	0.464132	-0.000288	0.000747	-0.000307	0.000000	NaN	NaN	NaN	NaN	NaN	NaN	NaN
123.000000	617.283951	0.000000	595.238095	0.000000	617.270600	0.229809	0.179714	0.269641	-0.000388	0.000560	-0.000270	0.000000	NaN	NaN	NaN	NaN	NaN	NaN	NaN
124.000000	617.283951	0.000000	602.409639	0.000000	617.270600	0.029058	0.219698	1.519871	-0.001399	0.000700	-0.000322	0.000000	NaN	NaN	NaN	NaN	NaN	NaN	NaN
125.000000	617.283951	0.000000	609.756098	0.000000	617.270600	0.183942	0.143971	1.614525	-0.001239	0.000556	-0.000303	0.000000	NaN	NaN	NaN	NaN	NaN	NaN	NaN
126.000000	617.283951	0.000000	617.283951	0.000000	617.270600	0.179269	0.173901	1.576800	-0.001081	0.000600	-0.000299	0.000000	NaN	NaN	NaN	NaN	NaN	NaN	NaN
127.000000	617.283951	0.000000	625.000000	0.000000	617.270600	0.137048	0.160868	1.154062	-0.000747	0.000552	-0.000285	0.000000	NaN	NaN	NaN	NaN	NaN	NaN	NaN
128.000000	617.283951	0.000000	632.911392	0.000000	617.270600	0.108966	0.202076	0.852397	-0.000682	0.000812	-0.000295	0.000000	NaN	NaN	NaN	NaN	NaN	NaN	NaN
129.000000	617.283951	0.000000	641.025641	0.000000	617.270600	0.198095	0.223175	0.863158	-0.000533	0.000643	-0.000296	0.000000	NaN	NaN	NaN	NaN	NaN	NaN	NaN
130.000000	617.283951	0.000000	649.350649	0.000000	617.270600	0.092285	0.128569	0.812224	-0.000154	0.000795	-0.000277	0.000000	NaN	NaN	NaN	NaN	NaN	NaN	NaN
131.000000	617.283951	0.000000	657.894737	0.000000	617.270600	0.092313	0.206872	0.653169	-0.000225	0.000553	-0.000286	0.000000	NaN	NaN	NaN	NaN	NaN	NaN	NaN
132.000000	617.283951	0.000000	666.666667	0.000000	617.270600	0.183838	0.216978	0.531246	-0.000665	0.000329	-0.000311	0.000000	NaN	NaN	NaN	NaN	NaN	NaN	NaN
133.000000	617.283951	0.000000	675.675676	0.000000	617.270600	0.198522	0.116846	0.530663	-0.000253	0.000598	-0.000278	0.000000	NaN	NaN	NaN	NaN	NaN	NaN	NaN
134.000000	617.283951	0.000000	684.931507	0.000000	617.270600	0.153422	0.119091	0.516529	-0.000505	0.000575	-0.000322	0.000000	NaN	NaN	NaN	NaN	NaN	NaN	NaN
135.000000	617.283951	0.000000	694.444444	0.000000	617.270600	0.160757	0.184653	0.516698	-0.000481	0.000850	-0.000296	0.000000	NaN	NaN	NaN	NaN	NaN	NaN	NaN
136.000000	617.283951	0.000000	704.225352	0.000000	617.270600	0.128975	0.100900	0.405379	-0.000309	0.000671	-0.000299	0.000000	NaN	NaN	NaN	NaN	NaN	NaN	NaN
137.000000	617.283951	0.000000	714.285714	0.000000	617.270600	0.201463	0.112345	0.326299	-0.000516	0.000672	-0.000314	0.000000	NaN	NaN	NaN	NaN	NaN	NaN	NaN
138.000000	617.283951	0.000000	724.637681	0.000000	617.270600	0.141386	0.176831	0.289064	0.000036	0.000633	-0.000299	0.000000	NaN	NaN	NaN	NaN	NaN	NaN	NaN
139.000000	617.283951	0.000000	735.294118	0.000000	617.270600	0.157751	0.086796	0.168082	-0.000314	0.000353	-0.000275	0.000000	NaN	NaN	NaN	NaN	NaN	NaN	NaN
140.000000	617.283951	0.000000	746.268657	0.000000	617.270600	0.167332	0.170531	0.102569	-0.000153	0.000709	-0.000286	0.000000	NaN	NaN	NaN	NaN	NaN	NaN	NaN
141.000000	617.283951	0.000000	757.575758	0.000000	617.270600	0.147587	0.192786	0.069821	0.000187	0.000599	-0.000285	0.000000	NaN	NaN	NaN	NaN	NaN	NaN	NaN
142.000000	617.283951	0.000000	769.230769	0.000000	617.270600	0.200245	0.131478	0.015619	-0.000023	0.000597	-0.000298	0.000000	NaN	NaN	NaN	NaN	NaN	NaN	NaN
143.000000	617.283951	0.000000	781.250000	0.000000	617.270600	0.115877	0.219968	-0.022819	0.000058	0.001005	-0.000298	0.000000	NaN	NaN	NaN	NaN	NaN	NaN	NaN
144.000000	617.283951	0.000000	793.650794	0.000000	617.270600	0.162833	0.194269	-0.032313	-0.000034	0.000529	-0.000283	0.000000	NaN	NaN	NaN	NaN	NaN	NaN	NaN
145.000000	625.000000	0.000000	581.395349	0.000000	624.989600	0.121145	0.159985	0.267045	-0.000136	0.000610	-0.000306	0.000000	NaN	NaN	NaN	NaN	NaN	NaN	NaN
146.000000	625.000000	0.000000	588.235294	0.000000	624.989600	0.158688	0.203615	0.347561	-0.000347	0.000678	-0.000351	0.000000	NaN	NaN	NaN	NaN	NaN	NaN	NaN
147.000000	625.000000	0.000000	595.238095	0.000000	624.989600	0.194863	0.144768	0.258740	-0.000196	0.000650	-0.000283	0.000000	NaN	NaN	NaN	NaN	NaN	NaN	NaN
148.000000	625.000000	0.000000	602.409639	0.000000	624.989600	0.194251	0.184753	1.196076	-0.000610	0.000619	-0.000314	0.000000	NaN	NaN	NaN	NaN	NaN	NaN	NaN
149.000000	625.000000	0.000000	609.756098	0.000000	624.989600	0.215710	0.109025	1.586481	-0.001346	0.000625	-0.000283	0.000000	NaN	NaN	NaN	NaN	NaN	NaN	NaN
150.000000	625.000000	0.000000	617.283951	0.000000	624.989600	0.144324	0.138955	1.639977	-0.001017	0.000792	-0.000282	0.000000	NaN	NaN	NaN	NaN	NaN	NaN	NaN
151.000000	625.000000	0.000000	625.000000	0.000000	624.989600	0.102102	0.192635	1.571516	-0.001294	0.000551	-0.000325	0.000000	NaN	NaN	NaN	NaN	NaN	NaN	NaN
152.000000	625.000000	0.000000	632.911392	0.000000	624.989600	0.207446	0.167130	1.198379	-0.000865	0.000701	-0.000282	0.000000	NaN	NaN	NaN	NaN	NaN	NaN	NaN
153.000000	625.000000	0.000000	641.025641	0.000000	624.989600	0.163149	0.188229	1.056780	-0.000691	0.000533	-0.000275	0.000000	NaN	NaN	NaN	NaN	NaN	NaN	NaN
154.000000	625.000000	0.000000	649.350649	0.000000	624.989600	0.124053	0.093624	0.853766	-0.000750	0.000674	-0.000322	0.000000	NaN	NaN	NaN	NaN	NaN	NaN	NaN
155.000000	625.000000	0.000000	657.894737	0.000000	624.989600	0.190793	0.171927	0.666337	-0.000548	0.000679	-0.000291	0.000000	NaN	NaN	NaN	NaN	NaN	NaN	NaN
156.000000	625.000000	0.000000	666.666667	0.000000	624.989600	0.148892	0.182032	0.636444	-0.000443	0.000738	-0.000262	0.000000	NaN	NaN	NaN	NaN	NaN	NaN	NaN
157.000000	625.000000	0.000000	675.675676	0.000000	624.989600	0.163576	0.081900	0.552188	-0.000266	0.000286	-0.000312	0.000000	NaN	NaN	NaN	NaN	NaN	NaN	NaN
158.000000	625.000000	0.000000	684.931507	0.000000	624.989600	0.118477	0.084146	0.618190	-0.000338	0.000573	-0.000278	0.000000	NaN	NaN	NaN	NaN	NaN	NaN	NaN
159.000000	625.000000	0.000000	694.444444	0.000000	624.989600	0.125811	0.149707	0.566723	-0.000403	0.000600	-0.000330	0.000000	NaN	NaN	NaN	NaN	NaN	NaN	NaN
160.000000	625.000000	0.000000	704.225352	0.000000	624.989600	0.094029	0.132667	0.482876	-0.000186	0.000527	-0.000293	0.000000	NaN	NaN	NaN	NaN	NaN	NaN	NaN
161.000000	625.000000	0.000000	714.285714	0.000000	624.989600	0.166517	0.210826	0.405092	-0.000609	0.000391	-0.000267	0.000000	NaN	NaN	NaN	NaN	NaN	NaN	NaN
162.000000	625.000000	0.000000	724.637681	0.000000	624.989600	0.173153	0.141886	0.347178	-0.000231	0.000764	-0.000243	0.000000	NaN	NaN	NaN	NaN	NaN	NaN	NaN
163.000000	625.000000	0.000000	735.294118	0.000000	624.989600	0.122806	0.185276	0.236748	-0.000246	0.000871	-0.000293	0.000000	NaN	NaN	NaN	NaN	NaN	NaN	NaN
164.000000	625.000000	0.000000	746.268657	0.000000	624.989600	0.132386	0.135585	0.159340	0.000231	0.000631	-0.000238	0.000000	NaN	NaN	NaN	NaN	NaN	NaN	NaN
165.000000	625.000000	0.000000	757.575758	0.000000	624.989600	0.112642	0.157840	0.094811	-0.000266	0.000603	-0.000277	0.000000	NaN	NaN	NaN	NaN	NaN	NaN	NaN
166.000000	625.000000	0.000000	769.230769	0.000000	624.989600	0.165300	0.229958	0.044723	-0.000169	0.000611	-0.000285	0.000000	NaN	NaN	NaN	NaN	NaN	NaN	NaN
167.000000	625.000000	0.000000	781.250000	0.000000	624.989600	0.214357	0.185023	0.010559	-0.000216	0.000612	-0.000288	0.000000	NaN	NaN	NaN	NaN	NaN	NaN	NaN
168.000000	625.000000	0.000000	793.650794	0.000000	624.989600	0.127888	0.159324	-0.007089	-0.000152	0.000921	-0.000295	0.000000	NaN	NaN	NaN	NaN	NaN	NaN	NaN
169.000000	632.911392	0.000000	581.395349	0.000000	632.913600	0.188269	0.160396	0.251508	-0.000049	0.000787	-0.000307	0.000000	NaN	NaN	NaN	NaN	NaN	NaN	NaN
170.000000	632.911392	0.000000	588.235294	0.000000	632.913600	0.092386	0.137313	0.402279	-0.000566	0.000921	-0.000240	0.000000	NaN	NaN	NaN	NaN	NaN	NaN	NaN
171.000000	632.911392	0.000000	595.238095	0.000000	632.913600	0.128561	0.078467	0.154636	-0.000173	0.000900	-0.000299	0.000000	NaN	NaN	NaN	NaN	NaN	NaN	NaN
172.000000	632.911392	0.000000	602.409639	0.000000	632.913600	0.127950	0.118451	1.172775	-0.000660	0.000321	-0.000278	0.000000	NaN	NaN	NaN	NaN	NaN	NaN	NaN
173.000000	632.911392	0.000000	609.756098	0.000000	632.913600	0.149408	0.176149	1.632076	-0.001079	0.000717	-0.000299	0.000000	NaN	NaN	NaN	NaN	NaN	NaN	NaN
174.000000	632.911392	0.000000	617.283951	0.000000	632.913600	0.211447	0.139366	1.634969	-0.001146	0.000568	-0.000264	0.000000	NaN	NaN	NaN	NaN	NaN	NaN	NaN
175.000000	632.911392	0.000000	625.000000	0.000000	632.913600	0.169226	0.126333	1.619132	-0.001123	0.000469	-0.000299	0.000000	NaN	NaN	NaN	NaN	NaN	NaN	NaN
176.000000	632.911392	0.000000	632.911392	0.000000	632.913600	0.141144	0.100828	1.486354	-0.001090	0.001142	-0.000307	0.000000	NaN	NaN	NaN	NaN	NaN	NaN	NaN
177.000000	632.911392	0.000000	641.025641	0.000000	632.913600	0.096848	0.121928	1.262327	-0.000658	0.000945	-0.000290	0.000000	NaN	NaN	NaN	NaN	NaN	NaN	NaN
178.000000	632.911392	0.000000	649.350649	0.000000	632.913600	0.124464	0.160748	0.889846	-0.000680	0.000357	-0.000314	0.000000	NaN	NaN	NaN	NaN	NaN	NaN	NaN
179.000000	632.911392	0.000000	657.894737	0.000000	632.913600	0.124492	0.105625	0.647358	-0.000435	0.000592	-0.000282	0.000000	NaN	NaN	NaN	NaN	NaN	NaN	NaN
180.000000	632.911392	0.000000	666.666667	0.000000	632.913600	0.082591	0.115730	0.620118	-0.000524	0.000152	-0.000291	0.000000	NaN	NaN	NaN	NaN	NaN	NaN	NaN
181.000000	632.911392	0.000000	675.675676	0.000000	632.913600	0.230700	0.149024	0.546208	-0.000522	0.000509	-0.000270	0.000000	NaN	NaN	NaN	NaN	NaN	NaN	NaN
182.000000	632.911392	0.000000	684.931507	0.000000	632.913600	0.185601	0.151270	0.543555	-0.000265	0.000484	-0.000270	0.000000	NaN	NaN	NaN	NaN	NaN	NaN	NaN
183.000000	632.911392	0.000000	694.444444	0.000000	632.913600	0.192935	0.216831	0.492052	-0.000447	0.000551	-0.000258	0.000000	NaN	NaN	NaN	NaN	NaN	NaN	NaN
184.000000	632.911392	0.000000	704.225352	0.000000	632.913600	0.161153	0.133078	0.472030	-0.000450	0.000497	-0.000301	0.000000	NaN	NaN	NaN	NaN	NaN	NaN	NaN
185.000000	632.911392	0.000000	714.285714	0.000000	632.913600	0.233641	0.144524	0.406273	-0.000234	0.000680	-0.000270	0.000000	NaN	NaN	NaN	NaN	NaN	NaN	NaN
186.000000	632.911392	0.000000	724.637681	0.000000	632.913600	0.106852	0.209010	0.367875	-0.000424	0.000389	-0.000301	0.000000	NaN	NaN	NaN	NaN	NaN	NaN	NaN
187.000000	632.911392	0.000000	735.294118	0.000000	632.913600	0.189930	0.118975	0.278196	-0.000348	0.000275	-0.000275	0.000000	NaN	NaN	NaN	NaN	NaN	NaN	NaN
188.000000	632.911392	0.000000	746.268657	0.000000	632.913600	0.199510	0.202709	0.211228	-0.000093	0.000501	-0.000264	0.000000	NaN	NaN	NaN	NaN	NaN	NaN	NaN
189.000000	632.911392	0.000000	757.575758	0.000000	632.913600	0.179766	0.224964	0.149398	-0.000293	0.000606	-0.000291	0.000000	NaN	NaN	NaN	NaN	NaN	NaN	NaN
190.000000	632.911392	0.000000	769.230769	0.000000	632.913600	0.165711	0.163656	0.077047	-0.000145	0.000672	-0.000251	0.000000	NaN	NaN	NaN	NaN	NaN	NaN	NaN
191.000000	632.911392	0.000000	781.250000	0.000000	632.913600	0.148056	0.118721	0.023029	-0.000189	0.000502	-0.000280	0.000000	NaN	NaN	NaN	NaN	NaN	NaN	NaN
192.000000	632.911392	0.000000	793.650794	0.000000	632.913600	0.195012	0.226448	0.003667	-0.000244	0.000642	-0.000290	0.000000	NaN	NaN	NaN	NaN	NaN	NaN	NaN
193.000000	641.025641	0.000000	581.395349	0.000000	641.042300	0.163891	0.136018	0.211510	-0.000231	0.000674	-0.000269	0.000000	NaN	NaN	NaN	NaN	NaN	NaN	NaN
194.000000	641.025641	0.000000	588.235294	0.000000	641.042300	0.201434	0.179648	0.295619	-0.000131	0.000454	-0.000266	0.000000	NaN	NaN	NaN	NaN	NaN	NaN	NaN
195.000000	641.025641	0.000000	595.238095	0.000000	641.042300	0.170896	0.187514	0.176920	-0.000080	0.000665	-0.000296	0.000000	NaN	NaN	NaN	NaN	NaN	NaN	NaN
196.000000	641.025641	0.000000	602.409639	0.000000	641.042300	0.103572	0.160786	0.998001	-0.000790	0.000118	-0.000303	0.000000	NaN	NaN	NaN	NaN	NaN	NaN	NaN
197.000000	641.025641	0.000000	609.756098	0.000000	641.042300	0.191743	0.151771	1.187397	-0.000844	0.000697	-0.000303	0.000000	NaN	NaN	NaN	NaN	NaN	NaN	NaN
198.000000	641.025641	0.000000	617.283951	0.000000	641.042300	0.120357	0.114988	1.186334	-0.000695	0.000589	-0.000319	0.000000	NaN	NaN	NaN	NaN	NaN	NaN	NaN
199.000000	641.025641	0.000000	625.000000	0.000000	641.042300	0.144848	0.168668	1.427183	-0.001153	0.000374	-0.000261	0.000000	NaN	NaN	NaN	NaN	NaN	NaN	NaN
200.000000	641.025641	0.000000	632.911392	0.000000	641.042300	0.116766	0.209876	1.471850	-0.000973	0.000649	-0.000283	0.000000	NaN	NaN	NaN	NaN	NaN	NaN	NaN
201.000000	641.025641	0.000000	641.025641	0.000000	641.042300	0.205895	0.164262	1.469305	-0.000796	0.000431	-0.000301	0.000000	NaN	NaN	NaN	NaN	NaN	NaN	NaN
202.000000	641.025641	0.000000	649.350649	0.000000	641.042300	0.100086	0.136370	1.203523	-0.000821	0.000564	-0.000306	0.000000	NaN	NaN	NaN	NaN	NaN	NaN	NaN
203.000000	641.025641	0.000000	657.894737	0.000000	641.042300	0.100114	0.214672	0.879360	-0.000423	0.000666	-0.000278	0.000000	NaN	NaN	NaN	NaN	NaN	NaN	NaN
204.000000	641.025641	0.000000	666.666667	0.000000	641.042300	0.191638	0.224778	0.639918	-0.000472	0.000941	-0.000288	0.000000	NaN	NaN	NaN	NaN	NaN	NaN	NaN
205.000000	641.025641	0.000000	675.675676	0.000000	641.042300	0.139609	0.124646	0.617931	-0.000325	0.000552	-0.000261	0.000000	NaN	NaN	NaN	NaN	NaN	NaN	NaN
206.000000	641.025641	0.000000	684.931507	0.000000	641.042300	0.094510	0.126892	0.626381	-0.000583	0.000629	-0.000311	0.000000	NaN	NaN	NaN	NaN	NaN	NaN	NaN
207.000000	641.025641	0.000000	694.444444	0.000000	641.042300	0.101844	0.192453	0.655097	-0.000362	0.000706	-0.000285	0.000000	NaN	NaN	NaN	NaN	NaN	NaN	NaN
208.000000	641.025641	0.000000	704.225352	0.000000	641.042300	0.136775	0.108700	0.604217	-0.000249	0.000442	-0.000253	0.000000	NaN	NaN	NaN	NaN	NaN	NaN	NaN
209.000000	641.025641	0.000000	714.285714	0.000000	641.042300	0.209263	0.120146	0.505884	-0.000238	0.001018	-0.000262	0.000000	NaN	NaN	NaN	NaN	NaN	NaN	NaN
210.000000	641.025641	0.000000	724.637681	0.000000	641.042300	0.082474	0.184631	0.423270	-0.000355	0.000463	-0.000288	0.000000	NaN	NaN	NaN	NaN	NaN	NaN	NaN
211.000000	641.025641	0.000000	735.294118	0.000000	641.042300	0.165551	0.228022	0.340300	-0.000154	0.000612	-0.000296	0.000000	NaN	NaN	NaN	NaN	NaN	NaN	NaN
212.000000	641.025641	0.000000	746.268657	0.000000	641.042300	0.175132	0.111618	0.240868	0.000018	0.000642	-0.000282	0.000000	NaN	NaN	NaN	NaN	NaN	NaN	NaN
213.000000	641.025641	0.000000	757.575758	0.000000	641.042300	0.155387	0.200586	0.146258	-0.000278	0.000728	-0.000267	0.000000	NaN	NaN	NaN	NaN	NaN	NaN	NaN
214.000000	641.025641	0.000000	769.230769	0.000000	641.042300	0.141333	0.139278	0.075020	-0.000139	0.000805	-0.000264	0.000000	NaN	NaN	NaN	NaN	NaN	NaN	NaN
215.000000	641.025641	0.000000	781.250000	0.000000	641.042300	0.123677	0.227769	0.029333	0.000259	0.000559	-0.000272	0.000000	NaN	NaN	NaN	NaN	NaN	NaN	NaN
216.000000	641.025641	0.000000	793.650794	0.000000	641.042300	0.103921	0.202069	0.013198	0.000053	0.000664	-0.000275	0.000000	NaN	NaN	NaN	NaN	NaN	NaN	NaN
217.000000	649.350649	0.000000	581.395349	0.000000	649.375900	0.092836	0.131676	0.217132	-0.000238	0.000661	-0.000295	0.000000	NaN	NaN	NaN	NaN	NaN	NaN	NaN
218.000000	649.350649	0.000000	588.235294	0.000000	649.375900	0.130379	0.175306	0.254019	-0.000231	0.000556	-0.000303	0.000000	NaN	NaN	NaN	NaN	NaN	NaN	NaN
219.000000	649.350649	0.000000	595.238095	0.000000	649.375900	0.166554	0.116460	0.167302	-0.000068	0.000489	-0.000286	0.000000	NaN	NaN	NaN	NaN	NaN	NaN	NaN
220.000000	649.350649	0.000000	602.409639	0.000000	649.375900	0.165943	0.156444	0.999069	-0.000647	0.000750	-0.000301	0.000000	NaN	NaN	NaN	NaN	NaN	NaN	NaN
221.000000	649.350649	0.000000	609.756098	0.000000	649.375900	0.120688	0.080717	1.302770	-0.000936	0.000381	-0.000258	0.000000	NaN	NaN	NaN	NaN	NaN	NaN	NaN
222.000000	649.350649	0.000000	617.283951	0.000000	649.375900	0.182728	0.177359	1.216420	-0.000878	0.000754	-0.000262	0.000000	NaN	NaN	NaN	NaN	NaN	NaN	NaN
223.000000	649.350649	0.000000	625.000000	0.000000	649.375900	0.207219	0.097613	1.182126	-0.000926	0.000741	-0.000299	0.000000	NaN	NaN	NaN	NaN	NaN	NaN	NaN
224.000000	649.350649	0.000000	632.911392	0.000000	649.375900	0.179137	0.138821	1.414906	-0.001021	0.000590	-0.000280	0.000000	NaN	NaN	NaN	NaN	NaN	NaN	NaN
225.000000	649.350649	0.000000	641.025641	0.000000	649.375900	0.134841	0.159921	1.573773	-0.001170	0.000627	-0.000306	0.000000	NaN	NaN	NaN	NaN	NaN	NaN	NaN
226.000000	649.350649	0.000000	649.350649	0.000000	649.375900	0.162457	0.198741	1.526698	-0.001300	0.000409	-0.000299	0.000000	NaN	NaN	NaN	NaN	NaN	NaN	NaN
227.000000	649.350649	0.000000	657.894737	0.000000	649.375900	0.162485	0.143618	1.108100	-0.000870	0.000349	-0.000291	0.000000	NaN	NaN	NaN	NaN	NaN	NaN	NaN
228.000000	649.350649	0.000000	666.666667	0.000000	649.375900	0.120584	0.153723	0.841643	-0.000687	0.000883	-0.000328	0.000000	NaN	NaN	NaN	NaN	NaN	NaN	NaN
229.000000	649.350649	0.000000	675.675676	0.000000	649.375900	0.135267	0.187017	0.673486	-0.000391	0.000675	-0.000304	0.000000	NaN	NaN	NaN	NaN	NaN	NaN	NaN
230.000000	649.350649	0.000000	684.931507	0.000000	649.375900	0.156881	0.189263	0.702285	-0.000577	0.000711	-0.000282	0.000000	NaN	NaN	NaN	NaN	NaN	NaN	NaN
231.000000	649.350649	0.000000	694.444444	0.000000	649.375900	0.164216	0.188111	0.669435	-0.000502	0.000643	-0.000303	0.000000	NaN	NaN	NaN	NaN	NaN	NaN	NaN
232.000000	649.350649	0.000000	704.225352	0.000000	649.375900	0.199146	0.171071	0.684442	-0.000551	0.000557	-0.000277	0.000000	NaN	NaN	NaN	NaN	NaN	NaN	NaN
233.000000	649.350649	0.000000	714.285714	0.000000	649.375900	0.138209	0.182517	0.585868	-0.000144	0.000564	-0.000277	0.000000	NaN	NaN	NaN	NaN	NaN	NaN	NaN
234.000000	649.350649	0.000000	724.637681	0.000000	649.375900	0.144845	0.247003	0.504917	-0.000417	0.000341	-0.000295	0.000000	NaN	NaN	NaN	NaN	NaN	NaN	NaN
235.000000	649.350649	0.000000	735.294118	0.000000	649.375900	0.227923	0.156968	0.445529	-0.000100	0.000687	-0.000301	0.000000	NaN	NaN	NaN	NaN	NaN	NaN	NaN
236.000000	649.350649	0.000000	746.268657	0.000000	649.375900	0.104077	0.173989	0.333980	-0.000158	0.000487	-0.000301	0.000000	NaN	NaN	NaN	NaN	NaN	NaN	NaN
237.000000	649.350649	0.000000	757.575758	0.000000	649.375900	0.217759	0.129532	0.233255	-0.000216	0.000536	-0.000275	0.000000	NaN	NaN	NaN	NaN	NaN	NaN	NaN
238.000000	649.350649	0.000000	769.230769	0.000000	649.375900	0.136991	0.201649	0.141822	-0.000262	0.000878	-0.000283	0.000000	NaN	NaN	NaN	NaN	NaN	NaN	NaN
239.000000	649.350649	0.000000	781.250000	0.000000	649.375900	0.186049	0.156714	0.073048	-0.000304	0.000504	-0.000299	0.000000	NaN	NaN	NaN	NaN	NaN	NaN	NaN
240.000000	649.350649	0.000000	793.650794	0.000000	649.375900	0.166292	0.131015	0.035940	0.000076	0.000378	-0.000280	0.000000	NaN	NaN	NaN	NaN	NaN	NaN	NaN
241.000000	657.894737	0.000000	581.395349	0.000000	657.913600	0.208799	0.180926	0.230742	-0.000279	0.000456	-0.000290	0.000000	NaN	NaN	NaN	NaN	NaN	NaN	NaN
242.000000	657.894737	0.000000	588.235294	0.000000	657.913600	0.112916	0.091131	0.313124	-0.000368	0.000545	-0.000274	0.000000	NaN	NaN	NaN	NaN	NaN	NaN	NaN
243.000000	657.894737	0.000000	595.238095	0.000000	657.913600	0.082379	0.098997	0.149896	-0.000088	0.000409	-0.000315	0.000000	NaN	NaN	NaN	NaN	NaN	NaN	NaN
244.000000	657.894737	0.000000	602.409639	0.000000	657.913600	0.148480	0.072268	1.090596	-0.000701	0.000457	-0.000262	0.000000	NaN	NaN	NaN	NaN	NaN	NaN	NaN
245.000000	657.894737	0.000000	609.756098	0.000000	657.913600	0.103225	0.196679	1.478538	-0.001121	0.000548	-0.000338	0.000000	NaN	NaN	NaN	NaN	NaN	NaN	NaN
246.000000	657.894737	0.000000	617.283951	0.000000	657.913600	0.165265	0.159896	1.375490	-0.001157	0.000279	-0.000290	0.000000	NaN	NaN	NaN	NaN	NaN	NaN	NaN
247.000000	657.894737	0.000000	625.000000	0.000000	657.913600	0.189757	0.080150	1.166035	-0.000762	0.000558	-0.000280	0.000000	NaN	NaN	NaN	NaN	NaN	NaN	NaN
248.000000	657.894737	0.000000	632.911392	0.000000	657.913600	0.161674	0.121358	1.110723	-0.000801	0.000553	-0.000333	0.000000	NaN	NaN	NaN	NaN	NaN	NaN	NaN
249.000000	657.894737	0.000000	641.025641	0.000000	657.913600	0.117378	0.075745	1.555789	-0.001011	0.000651	-0.000270	0.000000	NaN	NaN	NaN	NaN	NaN	NaN	NaN
250.000000	657.894737	0.000000	649.350649	0.000000	657.913600	0.144994	0.181278	1.548421	-0.000975	0.000540	-0.000314	0.000000	NaN	NaN	NaN	NaN	NaN	NaN	NaN
251.000000	657.894737	0.000000	657.894737	0.000000	657.913600	0.145022	0.126155	1.356375	-0.000912	0.000700	-0.000304	0.000000	NaN	NaN	NaN	NaN	NaN	NaN	NaN
252.000000	657.894737	0.000000	666.666667	0.000000	657.913600	0.236547	0.136261	1.006355	-0.000820	0.000796	-0.000288	0.000000	NaN	NaN	NaN	NaN	NaN	NaN	NaN
253.000000	657.894737	0.000000	675.675676	0.000000	657.913600	0.184517	0.169554	0.854856	-0.000617	0.000591	-0.000315	0.000000	NaN	NaN	NaN	NaN	NaN	NaN	NaN
254.000000	657.894737	0.000000	684.931507	0.000000	657.913600	0.139418	0.171800	0.700236	-0.000493	0.000591	-0.000288	0.000000	NaN	NaN	NaN	NaN	NaN	NaN	NaN
255.000000	657.894737	0.000000	694.444444	0.000000	657.913600	0.146753	0.170648	0.675632	-0.000718	0.000536	-0.000325	0.000000	NaN	NaN	NaN	NaN	NaN	NaN	NaN
256.000000	657.894737	0.000000	704.225352	0.000000	657.913600	0.048258	0.153608	0.662779	-0.000827	0.000298	-0.000278	0.000000	NaN	NaN	NaN	NaN	NaN	NaN	NaN
257.000000	657.894737	0.000000	714.285714	0.000000	657.913600	0.187459	0.165054	0.644796	-0.000454	0.000672	-0.000286	0.000000	NaN	NaN	NaN	NaN	NaN	NaN	NaN
258.000000	657.894737	0.000000	724.637681	0.000000	657.913600	0.127382	0.162827	0.541768	-0.000308	0.000458	-0.000274	0.000000	NaN	NaN	NaN	NaN	NaN	NaN	NaN
259.000000	657.894737	0.000000	735.294118	0.000000	657.913600	0.210460	0.139505	0.438725	-0.000314	0.000610	-0.000307	0.000000	NaN	NaN	NaN	NaN	NaN	NaN	NaN
260.000000	657.894737	0.000000	746.268657	0.000000	657.913600	0.220040	0.156526	0.351151	-0.000407	0.000577	-0.000312	0.000000	NaN	NaN	NaN	NaN	NaN	NaN	NaN
261.000000	657.894737	0.000000	757.575758	0.000000	657.913600	0.200296	0.178782	0.243322	-0.000083	0.000726	-0.000282	0.000000	NaN	NaN	NaN	NaN	NaN	NaN	NaN
262.000000	657.894737	0.000000	769.230769	0.000000	657.913600	0.186241	0.117473	0.124305	0.000118	0.000347	-0.000296	0.000000	NaN	NaN	NaN	NaN	NaN	NaN	NaN
263.000000	657.894737	0.000000	781.250000	0.000000	657.913600	0.168586	0.139251	0.056289	-0.000071	0.000718	-0.000280	0.000000	NaN	NaN	NaN	NaN	NaN	NaN	NaN
264.000000	657.894737	0.000000	793.650794	0.000000	657.913600	0.148829	0.180265	0.034219	-0.000164	0.000660	-0.000320	0.000000	NaN	NaN	NaN	NaN	NaN	NaN	NaN
265.000000	666.666667	0.000000	581.395349	0.000000	666.656200	0.154890	0.127017	0.212263	-0.000216	0.000675	-0.000278	0.000000	NaN	NaN	NaN	NaN	NaN	NaN	NaN
266.000000	666.666667	0.000000	588.235294	0.000000	666.656200	0.192433	0.170647	0.369295	-0.000375	0.000525	-0.000256	0.000000	NaN	NaN	NaN	NaN	NaN	NaN	NaN
267.000000	666.666667	0.000000	595.238095	0.000000	666.656200	0.161896	0.178514	0.124250	-0.000083	0.000530	-0.000277	0.000000	NaN	NaN	NaN	NaN	NaN	NaN	NaN
268.000000	666.666667	0.000000	602.409639	0.000000	666.656200	0.227997	0.151785	1.110466	-0.000765	0.000530	-0.000367	0.000000	NaN	NaN	NaN	NaN	NaN	NaN	NaN
269.000000	666.666667	0.000000	609.756098	0.000000	666.656200	0.182742	0.142771	1.350237	-0.000563	0.000698	-0.000283	0.000000	NaN	NaN	NaN	NaN	NaN	NaN	NaN
270.000000	666.666667	0.000000	617.283951	0.000000	666.656200	0.111356	0.105988	1.178639	-0.000747	0.000864	-0.000307	0.000000	NaN	NaN	NaN	NaN	NaN	NaN	NaN
271.000000	666.666667	0.000000	625.000000	0.000000	666.656200	0.202561	0.159667	1.127101	-0.001009	0.000404	-0.000303	0.000000	NaN	NaN	NaN	NaN	NaN	NaN	NaN
272.000000	666.666667	0.000000	632.911392	0.000000	666.656200	0.174478	0.200875	0.958041	-0.000721	0.000561	-0.000325	0.000000	NaN	NaN	NaN	NaN	NaN	NaN	NaN
273.000000	666.666667	0.000000	641.025641	0.000000	666.656200	0.130182	0.155262	1.107418	-0.000666	0.000489	-0.000299	0.000000	NaN	NaN	NaN	NaN	NaN	NaN	NaN
274.000000	666.666667	0.000000	649.350649	0.000000	666.656200	0.224511	0.194082	1.268624	-0.001136	0.000519	-0.000286	0.000000	NaN	NaN	NaN	NaN	NaN	NaN	NaN
275.000000	666.666667	0.000000	657.894737	0.000000	666.656200	0.224539	0.138959	1.405156	-0.000807	0.000798	-0.000314	0.000000	NaN	NaN	NaN	NaN	NaN	NaN	NaN
276.000000	666.666667	0.000000	666.666667	0.000000	666.656200	0.182638	0.149065	1.285161	-0.001041	0.000822	-0.000296	0.000000	NaN	NaN	NaN	NaN	NaN	NaN	NaN
277.000000	666.666667	0.000000	675.675676	0.000000	666.656200	0.130609	0.182358	1.077026	-0.000986	0.000713	-0.000301	0.000000	NaN	NaN	NaN	NaN	NaN	NaN	NaN
278.000000	666.666667	0.000000	684.931507	0.000000	666.656200	0.218935	0.117891	0.780928	-0.000470	0.000309	-0.000286	0.000000	NaN	NaN	NaN	NaN	NaN	NaN	NaN
279.000000	666.666667	0.000000	694.444444	0.000000	666.656200	0.226270	0.116740	0.653457	-0.000357	0.000460	-0.000307	0.000000	NaN	NaN	NaN	NaN	NaN	NaN	NaN
280.000000	666.666667	0.000000	704.225352	0.000000	666.656200	0.127775	0.233125	0.652579	-0.000327	0.000686	-0.000280	0.000000	NaN	NaN	NaN	NaN	NaN	NaN	NaN
281.000000	666.666667	0.000000	714.285714	0.000000	666.656200	0.133550	0.177858	0.641554	-0.000717	0.000544	-0.000328	0.000000	NaN	NaN	NaN	NaN	NaN	NaN	NaN
282.000000	666.666667	0.000000	724.637681	0.000000	666.656200	0.206899	0.108918	0.589028	-0.000477	0.000538	-0.000301	0.000000	NaN	NaN	NaN	NaN	NaN	NaN	NaN
283.000000	666.666667	0.000000	735.294118	0.000000	666.656200	0.156551	0.152309	0.463970	-0.000341	0.000505	-0.000267	0.000000	NaN	NaN	NaN	NaN	NaN	NaN	NaN
284.000000	666.666667	0.000000	746.268657	0.000000	666.656200	0.166131	0.102618	0.359492	-0.000395	0.000759	-0.000319	0.000000	NaN	NaN	NaN	NaN	NaN	NaN	NaN
285.000000	666.666667	0.000000	757.575758	0.000000	666.656200	0.146387	0.124873	0.272967	-0.000267	0.000648	-0.000295	0.000000	NaN	NaN	NaN	NaN	NaN	NaN	NaN
286.000000	666.666667	0.000000	769.230769	0.000000	666.656200	0.132332	0.196990	0.135912	-0.000172	0.000633	-0.000288	0.000000	NaN	NaN	NaN	NaN	NaN	NaN	NaN
287.000000	666.666667	0.000000	781.250000	0.000000	666.656200	0.181390	0.152055	0.086675	-0.000246	0.000284	-0.000317	0.000000	NaN	NaN	NaN	NaN	NaN	NaN	NaN
288.000000	666.666667	0.000000	793.650794	0.000000	666.656200	0.228346	0.126356	0.052162	-0.000016	0.000527	-0.000291	0.000000	NaN	NaN	NaN	NaN	NaN	NaN	NaN
289.000000	675.675676	0.000000	581.395349	0.000000	675.705900	0.147780	0.119908	0.194011	-0.000167	0.000290	-0.000304	0.000000	NaN	NaN	NaN	NaN	NaN	NaN	NaN
290.000000	675.675676	0.000000	588.235294	0.000000	675.705900	0.185324	0.163538	0.283249	-0.000631	0.000655	-0.000282	0.000000	NaN	NaN	NaN	NaN	NaN	NaN	NaN
291.000000	675.675676	0.000000	595.238095	0.000000	675.705900	0.154786	0.171404	0.101345	-0.000364	0.000705	-0.000320	0.000000	NaN	NaN	NaN	NaN	NaN	NaN	NaN
292.000000	675.675676	0.000000	602.409639	0.000000	675.705900	0.220887	0.144675	0.852816	-0.000482	0.000850	-0.000306	0.000000	NaN	NaN	NaN	NaN	NaN	NaN	NaN
293.000000	675.675676	0.000000	609.756098	0.000000	675.705900	0.175633	0.135661	1.102253	-0.000824	0.000507	-0.000307	0.000000	NaN	NaN	NaN	NaN	NaN	NaN	NaN
294.000000	675.675676	0.000000	617.283951	0.000000	675.705900	0.104246	0.098878	0.989198	-0.000857	0.000925	-0.000283	0.000000	NaN	NaN	NaN	NaN	NaN	NaN	NaN
295.000000	675.675676	0.000000	625.000000	0.000000	675.705900	0.195451	0.152558	0.905349	-0.000651	0.000343	-0.000296	0.000000	NaN	NaN	NaN	NaN	NaN	NaN	NaN
296.000000	675.675676	0.000000	632.911392	0.000000	675.705900	0.234081	0.193766	0.765595	-0.000543	0.000932	-0.000301	0.000000	NaN	NaN	NaN	NaN	NaN	NaN	NaN
297.000000	675.675676	0.000000	641.025641	0.000000	675.705900	0.189785	0.148152	0.869773	-0.000619	0.000545	-0.000280	0.000000	NaN	NaN	NaN	NaN	NaN	NaN	NaN
298.000000	675.675676	0.000000	649.350649	0.000000	675.705900	0.217401	0.120260	0.875785	-0.000645	0.000629	-0.000264	0.000000	NaN	NaN	NaN	NaN	NaN	NaN	NaN
299.000000	675.675676	0.000000	657.894737	0.000000	675.705900	0.217429	0.198562	0.998413	-0.000797	0.000788	-0.000322	0.000000	NaN	NaN	NaN	NaN	NaN	NaN	NaN
300.000000	675.675676	0.000000	666.666667	0.000000	675.705900	0.175528	0.141955	1.284586	-0.000974	0.000663	-0.000315	0.000000	NaN	NaN	NaN	NaN	NaN	NaN	NaN
301.000000	675.675676	0.000000	675.675676	0.000000	675.705900	0.123499	0.241961	1.215106	-0.000851	0.000972	-0.000311	0.000000	NaN	NaN	NaN	NaN	NaN	NaN	NaN
302.000000	675.675676	0.000000	684.931507	0.000000	675.705900	0.211825	0.110781	0.946134	-0.000793	0.000439	-0.000274	0.000000	NaN	NaN	NaN	NaN	NaN	NaN	NaN
303.000000	675.675676	0.000000	694.444444	0.000000	675.705900	0.219160	0.109630	0.729752	-0.000514	0.000393	-0.000288	0.000000	NaN	NaN	NaN	NaN	NaN	NaN	NaN
304.000000	675.675676	0.000000	704.225352	0.000000	675.705900	0.120665	0.226016	0.633308	-0.000341	0.001033	-0.000290	0.000000	NaN	NaN	NaN	NaN	NaN	NaN	NaN
305.000000	675.675676	0.000000	714.285714	0.000000	675.705900	0.126440	0.170748	0.628190	-0.000351	0.000609	-0.000275	0.000000	NaN	NaN	NaN	NaN	NaN	NaN	NaN
306.000000	675.675676	0.000000	724.637681	0.000000	675.705900	0.199789	0.101808	0.551556	-0.000537	0.000586	-0.000301	0.000000	NaN	NaN	NaN	NaN	NaN	NaN	NaN
307.000000	675.675676	0.000000	735.294118	0.000000	675.705900	0.149441	0.211912	0.427463	-0.000288	0.000374	-0.000278	0.000000	NaN	NaN	NaN	NaN	NaN	NaN	NaN
308.000000	675.675676	0.000000	746.268657	0.000000	675.705900	0.159022	0.095508	0.380240	-0.000279	0.000683	-0.000288	0.000000	NaN	NaN	NaN	NaN	NaN	NaN	NaN
309.000000	675.675676	0.000000	757.575758	0.000000	675.705900	0.139277	0.117763	0.267274	-0.000287	0.000612	-0.000328	0.000000	NaN	NaN	NaN	NaN	NaN	NaN	NaN
310.000000	675.675676	0.000000	769.230769	0.000000	675.705900	0.125223	0.189881	0.150774	-0.000194	0.000482	-0.000229	0.000000	NaN	NaN	NaN	NaN	NaN	NaN	NaN
311.000000	675.675676	0.000000	781.250000	0.000000	675.705900	0.240993	0.078233	0.069567	-0.000164	0.000606	-0.000296	0.000000	NaN	NaN	NaN	NaN	NaN	NaN	NaN
312.000000	675.675676	0.000000	793.650794	0.000000	675.705900	0.087811	0.119246	0.053328	-0.000044	0.000688	-0.000299	0.000000	NaN	NaN	NaN	NaN	NaN	NaN	NaN
313.000000	684.931507	0.000000	581.395349	0.000000	684.959800	0.187648	0.226488	0.131881	-0.000270	0.000311	-0.000293	0.000000	NaN	NaN	NaN	NaN	NaN	NaN	NaN
314.000000	684.931507	0.000000	588.235294	0.000000	684.959800	0.091765	0.136692	0.221498	-0.000362	0.000659	-0.000314	0.000000	NaN	NaN	NaN	NaN	NaN	NaN	NaN
315.000000	684.931507	0.000000	595.238095	0.000000	684.959800	0.127940	0.077846	0.093344	-0.000083	0.000378	-0.000301	0.000000	NaN	NaN	NaN	NaN	NaN	NaN	NaN
316.000000	684.931507	0.000000	602.409639	0.000000	684.959800	0.127329	0.117830	0.830666	-0.000593	0.000401	-0.000285	0.000000	NaN	NaN	NaN	NaN	NaN	NaN	NaN
317.000000	684.931507	0.000000	609.756098	0.000000	684.959800	0.148787	0.175528	0.955110	-0.000731	0.000553	-0.000286	0.000000	NaN	NaN	NaN	NaN	NaN	NaN	NaN
318.000000	684.931507	0.000000	617.283951	0.000000	684.959800	0.210827	0.205458	0.966942	-0.000742	0.000545	-0.000309	0.000000	NaN	NaN	NaN	NaN	NaN	NaN	NaN
319.000000	684.931507	0.000000	625.000000	0.000000	684.959800	0.168605	0.125712	0.876168	-0.000664	0.000335	-0.000290	0.000000	NaN	NaN	NaN	NaN	NaN	NaN	NaN
320.000000	684.931507	0.000000	632.911392	0.000000	684.959800	0.140523	0.100207	0.741614	-0.000771	0.000530	-0.000266	0.000000	NaN	NaN	NaN	NaN	NaN	NaN	NaN
321.000000	684.931507	0.000000	641.025641	0.000000	684.959800	0.096227	0.121307	0.865384	-0.000427	0.000511	-0.000312	0.000000	NaN	NaN	NaN	NaN	NaN	NaN	NaN
322.000000	684.931507	0.000000	649.350649	0.000000	684.959800	0.123843	0.160127	0.803131	-0.000679	0.000722	-0.000322	0.000000	NaN	NaN	NaN	NaN	NaN	NaN	NaN
323.000000	684.931507	0.000000	657.894737	0.000000	684.959800	0.123871	0.105004	0.748958	-0.000801	0.000609	-0.000309	0.000000	NaN	NaN	NaN	NaN	NaN	NaN	NaN
324.000000	684.931507	0.000000	666.666667	0.000000	684.959800	0.081970	0.115109	0.851381	-0.000824	0.000555	-0.000277	0.000000	NaN	NaN	NaN	NaN	NaN	NaN	NaN
325.000000	684.931507	0.000000	675.675676	0.000000	684.959800	0.230079	0.148403	1.090743	-0.000776	0.000880	-0.000312	0.000000	NaN	NaN	NaN	NaN	NaN	NaN	NaN
326.000000	684.931507	0.000000	684.931507	0.000000	684.959800	0.051554	0.150649	1.086775	-0.000734	0.000478	-0.000309	0.000000	NaN	NaN	NaN	NaN	NaN	NaN	NaN
327.000000	684.931507	0.000000	694.444444	0.000000	684.959800	0.192314	0.216210	0.879700	-0.000670	0.000667	-0.000307	0.000000	NaN	NaN	NaN	NaN	NaN	NaN	NaN
328.000000	684.931507	0.000000	704.225352	0.000000	684.959800	0.160532	0.132457	0.719923	-0.000488	0.000897	-0.000301	0.000000	NaN	NaN	NaN	NaN	NaN	NaN	NaN
329.000000	684.931507	0.000000	714.285714	0.000000	684.959800	0.233020	0.143903	0.569824	-0.000560	0.000506	-0.000258	0.000000	NaN	NaN	NaN	NaN	NaN	NaN	NaN
330.000000	684.931507	0.000000	724.637681	0.000000	684.959800	0.172944	0.208389	0.518306	-0.000153	0.000567	-0.000262	0.000000	NaN	NaN	NaN	NaN	NaN	NaN	NaN
331.000000	684.931507	0.000000	735.294118	0.000000	684.959800	0.189309	0.118354	0.469120	-0.000533	0.000629	-0.000311	0.000000	NaN	NaN	NaN	NaN	NaN	NaN	NaN
332.000000	684.931507	0.000000	746.268657	0.000000	684.959800	0.198889	0.202088	0.341669	-0.000035	0.000864	-0.000306	0.000000	NaN	NaN	NaN	NaN	NaN	NaN	NaN
333.000000	684.931507	0.000000	757.575758	0.000000	684.959800	0.179145	0.224343	0.260978	0.000040	0.000684	-0.000256	0.000000	NaN	NaN	NaN	NaN	NaN	NaN	NaN
334.000000	684.931507	0.000000	769.230769	0.000000	684.959800	0.231803	0.163035	0.139035	0.000009	0.000523	-0.000267	0.000000	NaN	NaN	NaN	NaN	NaN	NaN	NaN
335.000000	684.931507	0.000000	781.250000	0.000000	684.959800	0.147435	0.118100	0.075994	-0.000554	0.000453	-0.000282	0.000000	NaN	NaN	NaN	NaN	NaN	NaN	NaN
336.000000	684.931507	0.000000	793.650794	0.000000	684.959800	0.194391	0.092401	0.046116	-0.000307	0.000826	-0.000278	0.000000	NaN	NaN	NaN	NaN	NaN	NaN	NaN
337.000000	694.444444	0.000000	581.395349	0.000000	694.417800	0.182805	0.154932	0.144961	-0.000192	0.000617	-0.000295	0.000000	NaN	NaN	NaN	NaN	NaN	NaN	NaN
338.000000	694.444444	0.000000	588.235294	0.000000	694.417800	0.220348	0.198562	0.234889	-0.000460	0.000787	-0.000270	0.000000	NaN	NaN	NaN	NaN	NaN	NaN	NaN
339.000000	694.444444	0.000000	595.238095	0.000000	694.417800	0.189811	0.206429	0.077674	-0.000046	0.000379	-0.000285	0.000000	NaN	NaN	NaN	NaN	NaN	NaN	NaN
340.000000	694.444444	0.000000	602.409639	0.000000	694.417800	0.122486	0.179700	0.809356	-0.000717	0.000421	-0.000293	0.000000	NaN	NaN	NaN	NaN	NaN	NaN	NaN
341.000000	694.444444	0.000000	609.756098	0.000000	694.417800	0.210657	0.170686	0.965973	-0.000447	0.000565	-0.000261	0.000000	NaN	NaN	NaN	NaN	NaN	NaN	NaN
342.000000	694.444444	0.000000	617.283951	0.000000	694.417800	0.139271	0.133903	0.919625	-0.000535	0.000932	-0.000304	0.000000	NaN	NaN	NaN	NaN	NaN	NaN	NaN
343.000000	694.444444	0.000000	625.000000	0.000000	694.417800	0.097050	0.187582	0.789538	-0.000757	0.000344	-0.000296	0.000000	NaN	NaN	NaN	NaN	NaN	NaN	NaN
344.000000	694.444444	0.000000	632.911392	0.000000	694.417800	0.135680	0.228790	0.716844	-0.000679	0.000716	-0.000291	0.000000	NaN	NaN	NaN	NaN	NaN	NaN	NaN
345.000000	694.444444	0.000000	641.025641	0.000000	694.417800	0.224810	0.183177	0.783998	-0.000509	0.000840	-0.000262	0.000000	NaN	NaN	NaN	NaN	NaN	NaN	NaN
346.000000	694.444444	0.000000	649.350649	0.000000	694.417800	0.119000	0.155284	0.704657	-0.000614	0.000705	-0.000275	0.000000	NaN	NaN	NaN	NaN	NaN	NaN	NaN
347.000000	694.444444	0.000000	657.894737	0.000000	694.417800	0.119028	0.233587	0.660471	-0.000468	0.000700	-0.000314	0.000000	NaN	NaN	NaN	NaN	NaN	NaN	NaN
348.000000	694.444444	0.000000	666.666667	0.000000	694.417800	0.210553	0.176980	0.692255	-0.000367	0.000629	-0.000277	0.000000	NaN	NaN	NaN	NaN	NaN	NaN	NaN
349.000000	694.444444	0.000000	675.675676	0.000000	694.417800	0.158524	0.143560	0.758280	-0.000707	0.000673	-0.000307	0.000000	NaN	NaN	NaN	NaN	NaN	NaN	NaN
350.000000	694.444444	0.000000	684.931507	0.000000	694.417800	0.113424	0.145806	1.125099	-0.000789	0.000385	-0.000309	0.000000	NaN	NaN	NaN	NaN	NaN	NaN	NaN
351.000000	694.444444	0.000000	694.444444	0.000000	694.417800	0.120759	0.144655	1.005638	-0.000699	0.000666	-0.000309	0.000000	NaN	NaN	NaN	NaN	NaN	NaN	NaN
352.000000	694.444444	0.000000	704.225352	0.000000	694.417800	0.155689	0.127615	0.837113	-0.000506	0.000561	-0.000322	0.000000	NaN	NaN	NaN	NaN	NaN	NaN	NaN
353.000000	694.444444	0.000000	714.285714	0.000000	694.417800	0.161465	0.139060	0.681709	-0.000500	0.000743	-0.000285	0.000000	NaN	NaN	NaN	NaN	NaN	NaN	NaN
354.000000	694.444444	0.000000	724.637681	0.000000	694.417800	0.101388	0.136833	0.557003	-0.000321	0.000834	-0.000304	0.000000	NaN	NaN	NaN	NaN	NaN	NaN	NaN
355.000000	694.444444	0.000000	735.294118	0.000000	694.417800	0.184466	0.246937	0.404727	-0.000488	0.000832	-0.000298	0.000000	NaN	NaN	NaN	NaN	NaN	NaN	NaN
356.000000	694.444444	0.000000	746.268657	0.000000	694.417800	0.194046	0.130533	0.362496	-0.000176	0.000848	-0.000314	0.000000	NaN	NaN	NaN	NaN	NaN	NaN	NaN
357.000000	694.444444	0.000000	757.575758	0.000000	694.417800	0.174302	0.152788	0.265773	-0.000100	0.000651	-0.000277	0.000000	NaN	NaN	NaN	NaN	NaN	NaN	NaN
358.000000	694.444444	0.000000	769.230769	0.000000	694.417800	0.160247	0.091480	0.181518	-0.000097	0.000607	-0.000301	0.000000	NaN	NaN	NaN	NaN	NaN	NaN	NaN
359.000000	694.444444	0.000000	781.250000	0.000000	694.417800	0.142592	0.179970	0.120349	-0.000327	0.000721	-0.000256	0.000000	NaN	NaN	NaN	NaN	NaN	NaN	NaN
360.000000	694.444444	0.000000	793.650794	0.000000	694.417800	0.122835	0.154271	0.084755	-0.000121	0.000689	-0.000299	0.000000	NaN	NaN	NaN	NaN	NaN	NaN	NaN
361.000000	704.225352	0.000000	581.395349	0.000000	704.182500	0.142768	0.181608	0.113461	0.000100	0.000707	-0.000286	0.000000	NaN	NaN	NaN	NaN	NaN	NaN	NaN
362.000000	704.225352	0.000000	588.235294	0.000000	704.182500	0.180311	0.225238	0.186387	-0.000328	0.000458	-0.000301	0.000000	NaN	NaN	NaN	NaN	NaN	NaN	NaN
363.000000	704.225352	0.000000	595.238095	0.000000	704.182500	0.216486	0.166392	0.058043	-0.000128	0.000756	-0.000278	0.000000	NaN	NaN	NaN	NaN	NaN	NaN	NaN
364.000000	704.225352	0.000000	602.409639	0.000000	704.182500	0.149162	0.206376	0.708181	-0.000410	0.000465	-0.000325	0.000000	NaN	NaN	NaN	NaN	NaN	NaN	NaN
365.000000	704.225352	0.000000	609.756098	0.000000	704.182500	0.237333	0.197361	0.786311	-0.000568	0.000705	-0.000291	0.000000	NaN	NaN	NaN	NaN	NaN	NaN	NaN
366.000000	704.225352	0.000000	617.283951	0.000000	704.182500	0.165947	0.160578	0.759450	-0.000490	0.000616	-0.000286	0.000000	NaN	NaN	NaN	NaN	NaN	NaN	NaN
367.000000	704.225352	0.000000	625.000000	0.000000	704.182500	0.123726	0.214258	0.693535	-0.000478	0.000714	-0.000288	0.000000	NaN	NaN	NaN	NaN	NaN	NaN	NaN
368.000000	704.225352	0.000000	632.911392	0.000000	704.182500	0.162356	0.122040	0.565584	-0.000411	0.000968	-0.000286	0.000000	NaN	NaN	NaN	NaN	NaN	NaN	NaN
369.000000	704.225352	0.000000	641.025641	0.000000	704.182500	0.184772	0.209852	0.663219	-0.000271	0.000741	-0.000311	0.000000	NaN	NaN	NaN	NaN	NaN	NaN	NaN
370.000000	704.225352	0.000000	649.350649	0.000000	704.182500	0.145676	0.115247	0.658286	-0.000689	0.000722	-0.000303	0.000000	NaN	NaN	NaN	NaN	NaN	NaN	NaN
371.000000	704.225352	0.000000	657.894737	0.000000	704.182500	0.145704	0.193550	0.620752	-0.000555	0.000539	-0.000274	0.000000	NaN	NaN	NaN	NaN	NaN	NaN	NaN
372.000000	704.225352	0.000000	666.666667	0.000000	704.182500	0.170516	0.203655	0.606358	-0.000148	0.000514	-0.000309	0.000000	NaN	NaN	NaN	NaN	NaN	NaN	NaN
373.000000	704.225352	0.000000	675.675676	0.000000	704.182500	0.185199	0.103523	0.614853	-0.000623	0.000428	-0.000311	0.000000	NaN	NaN	NaN	NaN	NaN	NaN	NaN
374.000000	704.225352	0.000000	684.931507	0.000000	704.182500	0.140100	0.172482	0.748744	-0.000794	0.000831	-0.000319	0.000000	NaN	NaN	NaN	NaN	NaN	NaN	NaN
375.000000	704.225352	0.000000	694.444444	0.000000	704.182500	0.147434	0.171330	1.071412	-0.000905	0.000975	-0.000269	0.000000	NaN	NaN	NaN	NaN	NaN	NaN	NaN
376.000000	704.225352	0.000000	704.225352	0.000000	704.182500	0.115652	0.154290	0.955380	-0.001051	0.000378	-0.000309	0.000000	NaN	NaN	NaN	NaN	NaN	NaN	NaN
377.000000	704.225352	0.000000	714.285714	0.000000	704.182500	0.188140	0.099023	0.763116	-0.000656	0.000482	-0.000298	0.000000	NaN	NaN	NaN	NaN	NaN	NaN	NaN
378.000000	704.225352	0.000000	724.637681	0.000000	704.182500	-0.005362	0.163509	0.648368	-0.000628	0.000677	-0.000299	0.000000	NaN	NaN	NaN	NaN	NaN	NaN	NaN
379.000000	704.225352	0.000000	735.294118	0.000000	704.182500	0.144429	0.073474	0.384731	-0.000344	0.000558	-0.000282	0.000000	NaN	NaN	NaN	NaN	NaN	NaN	NaN
380.000000	704.225352	0.000000	746.268657	0.000000	704.182500	0.154009	0.157208	0.341863	-0.000120	0.000478	-0.000254	0.000000	NaN	NaN	NaN	NaN	NaN	NaN	NaN
381.000000	704.225352	0.000000	757.575758	0.000000	704.182500	0.134265	0.179463	0.265919	-0.000184	0.000525	-0.000278	0.000000	NaN	NaN	NaN	NaN	NaN	NaN	NaN
382.000000	704.225352	0.000000	769.230769	0.000000	704.182500	0.186923	0.118155	0.172599	0.000036	0.000605	-0.000330	0.000000	NaN	NaN	NaN	NaN	NaN	NaN	NaN
383.000000	704.225352	0.000000	781.250000	0.000000	704.182500	0.102555	0.206646	0.079196	-0.000014	0.000691	-0.000280	0.000000	NaN	NaN	NaN	NaN	NaN	NaN	NaN
384.000000	704.225352	0.000000	793.650794	0.000000	704.182500	0.149511	0.180947	0.059931	-0.000000	0.000370	-0.000291	0.000000	NaN	NaN	NaN	NaN	NaN	NaN	NaN
385.000000	714.285714	0.000000	581.395349	0.000000	714.253800	0.131359	0.236912	0.078114	0.000122	0.000390	-0.000267	0.000000	NaN	NaN	NaN	NaN	NaN	NaN	NaN
386.000000	714.285714	0.000000	588.235294	0.000000	714.253800	0.102190	0.147117	0.155399	-0.000006	0.000284	-0.000266	0.000000	NaN	NaN	NaN	NaN	NaN	NaN	NaN
387.000000	714.285714	0.000000	595.238095	0.000000	714.253800	0.138365	0.154983	0.046311	0.000003	0.000744	-0.000270	0.000000	NaN	NaN	NaN	NaN	NaN	NaN	NaN
388.000000	714.285714	0.000000	602.409639	0.000000	714.253800	0.137753	0.128254	0.586062	-0.000385	0.000174	-0.000293	0.000000	NaN	NaN	NaN	NaN	NaN	NaN	NaN
389.000000	714.285714	0.000000	609.756098	0.000000	714.253800	0.159212	0.185953	0.700270	-0.000707	0.000740	-0.000303	0.000000	NaN	NaN	NaN	NaN	NaN	NaN	NaN
390.000000	714.285714	0.000000	617.283951	0.000000	714.253800	0.221251	0.215882	0.666836	-0.000226	0.000508	-0.000278	0.000000	NaN	NaN	NaN	NaN	NaN	NaN	NaN
391.000000	714.285714	0.000000	625.000000	0.000000	714.253800	0.179030	0.136137	0.576983	-0.000541	0.000691	-0.000299	0.000000	NaN	NaN	NaN	NaN	NaN	NaN	NaN
392.000000	714.285714	0.000000	632.911392	0.000000	714.253800	0.150948	0.177345	0.509090	-0.000288	0.000727	-0.000322	0.000000	NaN	NaN	NaN	NaN	NaN	NaN	NaN
393.000000	714.285714	0.000000	641.025641	0.000000	714.253800	0.106651	0.131731	0.601972	-0.000355	0.000558	-0.000304	0.000000	NaN	NaN	NaN	NaN	NaN	NaN	NaN
394.000000	714.285714	0.000000	649.350649	0.000000	714.253800	0.200980	0.170551	0.601032	-0.000259	0.000583	-0.000282	0.000000	NaN	NaN	NaN	NaN	NaN	NaN	NaN
395.000000	714.285714	0.000000	657.894737	0.000000	714.253800	0.134295	0.115428	0.567618	-0.000539	0.000865	-0.000314	0.000000	NaN	NaN	NaN	NaN	NaN	NaN	NaN
396.000000	714.285714	0.000000	666.666667	0.000000	714.253800	0.092394	0.125534	0.553801	-0.000272	0.000353	-0.000266	0.000000	NaN	NaN	NaN	NaN	NaN	NaN	NaN
397.000000	714.285714	0.000000	675.675676	0.000000	714.253800	0.107078	0.158828	0.548140	-0.000246	0.000397	-0.000314	0.000000	NaN	NaN	NaN	NaN	NaN	NaN	NaN
398.000000	714.285714	0.000000	684.931507	0.000000	714.253800	0.195404	0.161073	0.689646	-0.000817	0.000804	-0.000309	0.000000	NaN	NaN	NaN	NaN	NaN	NaN	NaN
399.000000	714.285714	0.000000	694.444444	0.000000	714.253800	0.202739	0.226635	0.736666	-0.000398	0.000441	-0.000266	0.000000	NaN	NaN	NaN	NaN	NaN	NaN	NaN
400.000000	714.285714	0.000000	704.225352	0.000000	714.253800	0.170957	0.209595	0.889069	-0.000672	0.000384	-0.000288	0.000000	NaN	NaN	NaN	NaN	NaN	NaN	NaN
401.000000	714.285714	0.000000	714.285714	0.000000	714.253800	0.110019	0.154327	0.938492	-0.000473	0.000601	-0.000295	0.000000	NaN	NaN	NaN	NaN	NaN	NaN	NaN
402.000000	714.285714	0.000000	724.637681	0.000000	714.253800	0.183368	0.218813	0.813812	-0.000473	0.000420	-0.000298	0.000000	NaN	NaN	NaN	NaN	NaN	NaN	NaN
403.000000	714.285714	0.000000	735.294118	0.000000	714.253800	0.199733	0.128778	0.599888	-0.000552	0.000485	-0.000285	0.000000	NaN	NaN	NaN	NaN	NaN	NaN	NaN
404.000000	714.285714	0.000000	746.268657	0.000000	714.253800	0.075888	0.212513	0.387636	-0.000301	0.000802	-0.000303	0.000000	NaN	NaN	NaN	NaN	NaN	NaN	NaN
405.000000	714.285714	0.000000	757.575758	0.000000	714.253800	0.189569	0.101342	0.310869	-0.000294	0.000417	-0.000291	0.000000	NaN	NaN	NaN	NaN	NaN	NaN	NaN
406.000000	714.285714	0.000000	769.230769	0.000000	714.253800	0.242227	0.173460	0.237207	-0.000187	0.000422	-0.000288	0.000000	NaN	NaN	NaN	NaN	NaN	NaN	NaN
407.000000	714.285714	0.000000	781.250000	0.000000	714.253800	0.157859	0.128525	0.115698	-0.000171	0.000511	-0.000278	0.000000	NaN	NaN	NaN	NaN	NaN	NaN	NaN
408.000000	714.285714	0.000000	793.650794	0.000000	714.253800	0.204815	0.102825	0.090360	-0.000119	0.000630	-0.000269	0.000000	NaN	NaN	NaN	NaN	NaN	NaN	NaN
409.000000	724.637681	0.000000	581.395349	0.000000	724.631500	0.141953	0.114080	0.080628	0.000019	0.000799	-0.000288	0.000000	NaN	NaN	NaN	NaN	NaN	NaN	NaN
410.000000	724.637681	0.000000	588.235294	0.000000	724.631500	0.179496	0.157710	0.133217	-0.000261	0.000799	-0.000293	0.000000	NaN	NaN	NaN	NaN	NaN	NaN	NaN
411.000000	724.637681	0.000000	595.238095	0.000000	724.631500	0.148958	0.165576	0.033844	-0.000020	0.000805	-0.000262	0.000000	NaN	NaN	NaN	NaN	NaN	NaN	NaN
412.000000	724.637681	0.000000	602.409639	0.000000	724.631500	0.215059	0.138848	0.509269	-0.000181	0.000656	-0.000298	0.000000	NaN	NaN	NaN	NaN	NaN	NaN	NaN
413.000000	724.637681	0.000000	609.756098	0.000000	724.631500	0.169805	0.129833	0.601561	-0.000398	0.000751	-0.000295	0.000000	NaN	NaN	NaN	NaN	NaN	NaN	NaN
414.000000	724.637681	0.000000	617.283951	0.000000	724.631500	0.098419	0.093050	0.619807	-0.000330	0.000880	-0.000290	0.000000	NaN	NaN	NaN	NaN	NaN	NaN	NaN
415.000000	724.637681	0.000000	625.000000	0.000000	724.631500	0.122910	0.146730	0.542629	-0.000295	0.000461	-0.000248	0.000000	NaN	NaN	NaN	NaN	NaN	NaN	NaN
416.000000	724.637681	0.000000	632.911392	0.000000	724.631500	0.228253	0.187938	0.471797	-0.000211	0.000688	-0.000254	0.000000	NaN	NaN	NaN	NaN	NaN	NaN	NaN
417.000000	724.637681	0.000000	641.025641	0.000000	724.631500	0.183957	0.142324	0.521618	-0.000250	0.000636	-0.000243	0.000000	NaN	NaN	NaN	NaN	NaN	NaN	NaN
418.000000	724.637681	0.000000	649.350649	0.000000	724.631500	0.211573	0.114432	0.541552	-0.000465	0.000602	-0.000269	0.000000	NaN	NaN	NaN	NaN	NaN	NaN	NaN
419.000000	724.637681	0.000000	657.894737	0.000000	724.631500	0.211601	0.192734	0.510024	-0.000240	0.000615	-0.000259	0.000000	NaN	NaN	NaN	NaN	NaN	NaN	NaN
420.000000	724.637681	0.000000	666.666667	0.000000	724.631500	0.169700	0.136127	0.518724	-0.000485	0.000625	-0.000272	0.000000	NaN	NaN	NaN	NaN	NaN	NaN	NaN
421.000000	724.637681	0.000000	675.675676	0.000000	724.631500	0.117671	0.102708	0.528856	-0.000293	0.000170	-0.000303	0.000000	NaN	NaN	NaN	NaN	NaN	NaN	NaN
422.000000	724.637681	0.000000	684.931507	0.000000	724.631500	0.205997	0.104953	0.606829	-0.000376	0.000544	-0.000280	0.000000	NaN	NaN	NaN	NaN	NaN	NaN	NaN
423.000000	724.637681	0.000000	694.444444	0.000000	724.631500	0.213332	0.103802	0.624829	-0.000383	0.000566	-0.000270	0.000000	NaN	NaN	NaN	NaN	NaN	NaN	NaN
424.000000	724.637681	0.000000	704.225352	0.000000	724.631500	0.114837	0.220188	0.700293	-0.000641	0.000677	-0.000258	0.000000	NaN	NaN	NaN	NaN	NaN	NaN	NaN
425.000000	724.637681	0.000000	714.285714	0.000000	724.631500	0.120612	0.231633	1.014507	-0.000715	0.000531	-0.000280	0.000000	NaN	NaN	NaN	NaN	NaN	NaN	NaN
426.000000	724.637681	0.000000	724.637681	0.000000	724.631500	0.193961	0.162693	0.862812	-0.000778	0.000643	-0.000303	0.000000	NaN	NaN	NaN	NaN	NaN	NaN	NaN
427.000000	724.637681	0.000000	735.294118	0.000000	724.631500	0.143613	0.206084	0.641646	-0.000395	0.000852	-0.000251	0.000000	NaN	NaN	NaN	NaN	NaN	NaN	NaN
428.000000	724.637681	0.000000	746.268657	0.000000	724.631500	0.153194	0.089680	0.475633	-0.000482	0.000490	-0.000251	0.000000	NaN	NaN	NaN	NaN	NaN	NaN	NaN
429.000000	724.637681	0.000000	757.575758	0.000000	724.631500	0.133449	0.111935	0.344059	-0.000325	0.000402	-0.000269	0.000000	NaN	NaN	NaN	NaN	NaN	NaN	NaN
430.000000	724.637681	0.000000	769.230769	0.000000	724.631500	0.119395	0.184053	0.186635	-0.000155	0.000671	-0.000278	0.000000	NaN	NaN	NaN	NaN	NaN	NaN	NaN
431.000000	724.637681	0.000000	781.250000	0.000000	724.631500	0.235165	0.139118	0.126410	-0.000040	0.000530	-0.000283	0.000000	NaN	NaN	NaN	NaN	NaN	NaN	NaN
432.000000	724.637681	0.000000	793.650794	0.000000	724.631500	0.081983	0.180131	0.083430	-0.000417	0.000603	-0.000286	0.000000	NaN	NaN	NaN	NaN	NaN	NaN	NaN
433.000000	735.294118	0.000000	581.395349	0.000000	735.315500	0.186137	0.158265	0.065706	0.000040	0.001037	-0.000269	0.000000	NaN	NaN	NaN	NaN	NaN	NaN	NaN
434.000000	735.294118	0.000000	588.235294	0.000000	735.315500	0.090255	0.135182	0.118227	0.000310	0.000938	-0.000303	0.000000	NaN	NaN	NaN	NaN	NaN	NaN	NaN
435.000000	735.294118	0.000000	595.238095	0.000000	735.315500	0.126430	0.209761	0.022551	-0.000257	0.000510	-0.000258	0.000000	NaN	NaN	NaN	NaN	NaN	NaN	NaN
436.000000	735.294118	0.000000	602.409639	0.000000	735.315500	0.125818	0.183032	0.407386	-0.000200	0.000773	-0.000291	0.000000	NaN	NaN	NaN	NaN	NaN	NaN	NaN
437.000000	735.294118	0.000000	609.756098	0.000000	735.315500	0.147277	0.174018	0.530181	-0.000465	0.000670	-0.000274	0.000000	NaN	NaN	NaN	NaN	NaN	NaN	NaN
438.000000	735.294118	0.000000	617.283951	0.000000	735.315500	0.209316	0.137235	0.532332	-0.000092	0.000812	-0.000314	0.000000	NaN	NaN	NaN	NaN	NaN	NaN	NaN
439.000000	735.294118	0.000000	625.000000	0.000000	735.315500	0.167095	0.190915	0.452511	-0.000406	0.000386	-0.000282	0.000000	NaN	NaN	NaN	NaN	NaN	NaN	NaN
440.000000	735.294118	0.000000	632.911392	0.000000	735.315500	0.139013	0.098697	0.391654	-0.000282	0.000559	-0.000285	0.000000	NaN	NaN	NaN	NaN	NaN	NaN	NaN
441.000000	735.294118	0.000000	641.025641	0.000000	735.315500	0.094716	0.119796	0.461473	-0.000203	0.000566	-0.000290	0.000000	NaN	NaN	NaN	NaN	NaN	NaN	NaN
442.000000	735.294118	0.000000	649.350649	0.000000	735.315500	0.122332	0.158617	0.478861	-0.000237	0.000911	-0.000296	0.000000	NaN	NaN	NaN	NaN	NaN	NaN	NaN
443.000000	735.294118	0.000000	657.894737	0.000000	735.315500	0.122360	0.103494	0.483056	-0.000114	0.000565	-0.000269	0.000000	NaN	NaN	NaN	NaN	NaN	NaN	NaN
444.000000	735.294118	0.000000	666.666667	0.000000	735.315500	0.213885	0.247025	0.475156	-0.000106	0.000762	-0.000306	0.000000	NaN	NaN	NaN	NaN	NaN	NaN	NaN
445.000000	735.294118	0.000000	675.675676	0.000000	735.315500	0.228569	0.146893	0.475664	-0.000511	0.000679	-0.000290	0.000000	NaN	NaN	NaN	NaN	NaN	NaN	NaN
446.000000	735.294118	0.000000	684.931507	0.000000	735.315500	0.183469	0.149138	0.559828	-0.000404	0.000532	-0.000304	0.000000	NaN	NaN	NaN	NaN	NaN	NaN	NaN
447.000000	735.294118	0.000000	694.444444	0.000000	735.315500	0.124091	0.214700	0.530468	-0.000384	0.000610	-0.000295	0.000000	NaN	NaN	NaN	NaN	NaN	NaN	NaN
448.000000	735.294118	0.000000	704.225352	0.000000	735.315500	0.159022	0.130947	0.607065	-0.000335	0.000842	-0.000295	0.000000	NaN	NaN	NaN	NaN	NaN	NaN	NaN
449.000000	735.294118	0.000000	714.285714	0.000000	735.315500	0.231510	0.142393	0.626186	-0.000451	0.000535	-0.000274	0.000000	NaN	NaN	NaN	NaN	NaN	NaN	NaN
450.000000	735.294118	0.000000	724.637681	0.000000	735.315500	0.104721	0.206878	0.838424	-0.000533	0.000654	-0.000283	0.000000	NaN	NaN	NaN	NaN	NaN	NaN	NaN
451.000000	735.294118	0.000000	735.294118	0.000000	735.315500	0.187798	-0.016582	0.711758	-0.000599	0.000697	-0.000309	0.000000	NaN	NaN	NaN	NaN	NaN	NaN	NaN
452.000000	735.294118	0.000000	746.268657	0.000000	735.315500	0.197379	0.133865	0.558931	-0.000408	0.000310	-0.000286	0.000000	NaN	NaN	NaN	NaN	NaN	NaN	NaN
453.000000	735.294118	0.000000	757.575758	0.000000	735.315500	0.177634	0.222833	0.387066	-0.000337	0.000621	-0.000270	0.000000	NaN	NaN	NaN	NaN	NaN	NaN	NaN
454.000000	735.294118	0.000000	769.230769	0.000000	735.315500	0.163580	0.161525	0.198421	-0.000258	0.000515	-0.000285	0.000000	NaN	NaN	NaN	NaN	NaN	NaN	NaN
455.000000	735.294118	0.000000	781.250000	0.000000	735.315500	0.145924	0.116590	0.113695	-0.000029	0.000782	-0.000293	0.000000	NaN	NaN	NaN	NaN	NaN	NaN	NaN
456.000000	735.294118	0.000000	793.650794	0.000000	735.315500	0.192880	0.224316	0.098438	-0.000231	0.000778	-0.000274	0.000000	NaN	NaN	NaN	NaN	NaN	NaN	NaN
457.000000	746.268657	0.000000	581.395349	0.000000	746.305400	0.147633	0.119761	0.041730	-0.000120	0.000420	-0.000261	0.000000	NaN	NaN	NaN	NaN	NaN	NaN	NaN
458.000000	746.268657	0.000000	588.235294	0.000000	746.305400	0.185176	0.163391	0.096098	-0.000168	0.000637	-0.000283	0.000000	NaN	NaN	NaN	NaN	NaN	NaN	NaN
459.000000	746.268657	0.000000	595.238095	0.000000	746.305400	0.154639	0.171257	0.014066	-0.000025	0.000483	-0.000267	0.000000	NaN	NaN	NaN	NaN	NaN	NaN	NaN
460.000000	746.268657	0.000000	602.409639	0.000000	746.305400	0.220740	0.144528	0.343318	-0.000013	0.000691	-0.000278	0.000000	NaN	NaN	NaN	NaN	NaN	NaN	NaN
461.000000	746.268657	0.000000	609.756098	0.000000	746.305400	0.175485	0.135514	0.425069	-0.000355	0.000526	-0.000278	0.000000	NaN	NaN	NaN	NaN	NaN	NaN	NaN
462.000000	746.268657	0.000000	617.283951	0.000000	746.305400	0.104099	0.232156	0.436185	-0.000256	0.000657	-0.000253	0.000000	NaN	NaN	NaN	NaN	NaN	NaN	NaN
463.000000	746.268657	0.000000	625.000000	0.000000	746.305400	0.195304	0.152410	0.375422	-0.000129	0.000559	-0.000303	0.000000	NaN	NaN	NaN	NaN	NaN	NaN	NaN
464.000000	746.268657	0.000000	632.911392	0.000000	746.305400	0.233934	0.193618	0.313219	-0.000182	0.000557	-0.000296	0.000000	NaN	NaN	NaN	NaN	NaN	NaN	NaN
465.000000	746.268657	0.000000	641.025641	0.000000	746.305400	0.122925	0.148005	0.382806	-0.000254	0.000430	-0.000295	0.000000	NaN	NaN	NaN	NaN	NaN	NaN	NaN
466.000000	746.268657	0.000000	649.350649	0.000000	746.305400	0.217254	0.186825	0.367253	-0.000665	0.000508	-0.000280	0.000000	NaN	NaN	NaN	NaN	NaN	NaN	NaN
467.000000	746.268657	0.000000	657.894737	0.000000	746.305400	0.217282	0.131702	0.364580	-0.000465	0.000848	-0.000299	0.000000	NaN	NaN	NaN	NaN	NaN	NaN	NaN
468.000000	746.268657	0.000000	666.666667	0.000000	746.305400	0.175381	0.141808	0.371172	-0.000407	0.000787	-0.000320	0.000000	NaN	NaN	NaN	NaN	NaN	NaN	NaN
469.000000	746.268657	0.000000	675.675676	0.000000	746.305400	0.123352	0.175101	0.366794	-0.000289	0.000755	-0.000307	0.000000	NaN	NaN	NaN	NaN	NaN	NaN	NaN
470.000000	746.268657	0.000000	684.931507	0.000000	746.305400	0.211678	0.244060	0.432747	-0.000392	0.000588	-0.000282	0.000000	NaN	NaN	NaN	NaN	NaN	NaN	NaN
471.000000	746.268657	0.000000	694.444444	0.000000	746.305400	0.219013	0.109483	0.428316	-0.000301	0.000499	-0.000266	0.000000	NaN	NaN	NaN	NaN	NaN	NaN	NaN
472.000000	746.268657	0.000000	704.225352	0.000000	746.305400	0.187230	0.225868	0.427720	-0.000256	0.000753	-0.000306	0.000000	NaN	NaN	NaN	NaN	NaN	NaN	NaN
473.000000	746.268657	0.000000	714.285714	0.000000	746.305400	0.126293	0.170601	0.504708	-0.000556	0.000643	-0.000307	0.000000	NaN	NaN	NaN	NaN	NaN	NaN	NaN
474.000000	746.268657	0.000000	724.637681	0.000000	746.305400	0.199642	0.101661	0.480566	-0.000502	0.000590	-0.000285	0.000000	NaN	NaN	NaN	NaN	NaN	NaN	NaN
475.000000	746.268657	0.000000	735.294118	0.000000	746.305400	0.149294	0.145052	0.624445	-0.000925	0.000322	-0.000258	0.000000	NaN	NaN	NaN	NaN	NaN	NaN	NaN
476.000000	746.268657	0.000000	746.268657	0.000000	746.305400	0.158874	0.228786	0.533354	-0.000388	0.000213	-0.000307	0.000000	NaN	NaN	NaN	NaN	NaN	NaN	NaN
477.000000	746.268657	0.000000	757.575758	0.000000	746.305400	0.139130	0.117616	0.379495	-0.000295	0.000515	-0.000296	0.000000	NaN	NaN	NaN	NaN	NaN	NaN	NaN
478.000000	746.268657	0.000000	769.230769	0.000000	746.305400	0.125075	0.189733	0.244026	-0.000578	0.000546	-0.000272	0.000000	NaN	NaN	NaN	NaN	NaN	NaN	NaN
479.000000	746.268657	0.000000	781.250000	0.000000	746.305400	0.174133	0.144799	0.123501	0.000016	0.000523	-0.000298	0.000000	NaN	NaN	NaN	NaN	NaN	NaN	NaN
480.000000	746.268657	0.000000	793.650794	0.000000	746.305400	0.221089	0.119099	0.066226	-0.000180	0.000484	-0.000262	0.000000	NaN	NaN	NaN	NaN	NaN	NaN	NaN
481.000000	757.575758	0.000000	581.395349	0.000000	757.601000	0.197140	0.169267	0.023704	-0.000053	0.000894	-0.000306	0.000000	NaN	NaN	NaN	NaN	NaN	NaN	NaN
482.000000	757.575758	0.000000	588.235294	0.000000	757.601000	0.101258	0.146185	0.073620	-0.000089	0.000487	-0.000278	0.000000	NaN	NaN	NaN	NaN	NaN	NaN	NaN
483.000000	757.575758	0.000000	595.238095	0.000000	757.601000	0.137433	0.087338	0.000392	0.000016	0.000404	-0.000295	0.000000	NaN	NaN	NaN	NaN	NaN	NaN	NaN
484.000000	757.575758	0.000000	602.409639	0.000000	757.601000	0.136821	0.194035	0.255578	-0.000088	0.001008	-0.000325	0.000000	NaN	NaN	NaN	NaN	NaN	NaN	NaN
485.000000	757.575758	0.000000	609.756098	0.000000	757.601000	0.091567	0.185021	0.344215	-0.000390	0.000801	-0.000298	0.000000	NaN	NaN	NaN	NaN	NaN	NaN	NaN
486.000000	757.575758	0.000000	617.283951	0.000000	757.601000	0.153606	0.148238	0.329809	-0.000303	0.000444	-0.000298	0.000000	NaN	NaN	NaN	NaN	NaN	NaN	NaN
487.000000	757.575758	0.000000	625.000000	0.000000	757.601000	0.178098	0.135204	0.287101	-0.000492	0.000424	-0.000261	0.000000	NaN	NaN	NaN	NaN	NaN	NaN	NaN
488.000000	757.575758	0.000000	632.911392	0.000000	757.601000	0.150015	0.109700	0.236806	-0.000403	0.000486	-0.000274	0.000000	NaN	NaN	NaN	NaN	NaN	NaN	NaN
489.000000	757.575758	0.000000	641.025641	0.000000	757.601000	0.105719	0.130799	0.273801	-0.000032	0.000404	-0.000267	0.000000	NaN	NaN	NaN	NaN	NaN	NaN	NaN
490.000000	757.575758	0.000000	649.350649	0.000000	757.601000	0.133335	0.169619	0.291573	-0.000324	0.000648	-0.000315	0.000000	NaN	NaN	NaN	NaN	NaN	NaN	NaN
491.000000	757.575758	0.000000	657.894737	0.000000	757.601000	0.133363	0.114496	0.279340	-0.000350	0.000481	-0.000291	0.000000	NaN	NaN	NaN	NaN	NaN	NaN	NaN
492.000000	757.575758	0.000000	666.666667	0.000000	757.601000	0.091462	0.124602	0.330738	-0.000458	0.000540	-0.000304	0.000000	NaN	NaN	NaN	NaN	NaN	NaN	NaN
493.000000	757.575758	0.000000	675.675676	0.000000	757.601000	0.172859	0.157895	0.300729	-0.000605	0.000687	-0.000275	0.000000	NaN	NaN	NaN	NaN	NaN	NaN	NaN
494.000000	757.575758	0.000000	684.931507	0.000000	757.601000	0.127759	0.160141	0.374249	-0.000323	0.000845	-0.000299	0.000000	NaN	NaN	NaN	NaN	NaN	NaN	NaN
495.000000	757.575758	0.000000	694.444444	0.000000	757.601000	0.135094	0.225702	0.359234	-0.000263	0.000637	-0.000304	0.000000	NaN	NaN	NaN	NaN	NaN	NaN	NaN
496.000000	757.575758	0.000000	704.225352	0.000000	757.601000	0.170024	0.141950	0.388812	-0.000186	0.000740	-0.000264	0.000000	NaN	NaN	NaN	NaN	NaN	NaN	NaN
497.000000	757.575758	0.000000	714.285714	0.000000	757.601000	0.242513	0.153395	0.391628	-0.000409	0.000418	-0.000299	0.000000	NaN	NaN	NaN	NaN	NaN	NaN	NaN
498.000000	757.575758	0.000000	724.637681	0.000000	757.601000	0.115723	0.217881	0.385823	-0.000254	0.000544	-0.000304	0.000000	NaN	NaN	NaN	NaN	NaN	NaN	NaN
499.000000	757.575758	0.000000	735.294118	0.000000	757.601000	0.198801	0.127846	0.381228	-0.000331	0.000780	-0.000266	0.000000	NaN	NaN	NaN	NaN	NaN	NaN	NaN
500.000000	757.575758	0.000000	746.268657	0.000000	757.601000	0.208381	0.144868	0.451559	-0.000404	0.000498	-0.000309	0.000000	NaN	NaN	NaN	NaN	NaN	NaN	NaN
501.000000	757.575758	0.000000	757.575758	0.000000	757.601000	0.188637	0.233836	0.450053	-0.000429	0.000804	-0.000295	0.000000	NaN	NaN	NaN	NaN	NaN	NaN	NaN
502.000000	757.575758	0.000000	769.230769	0.000000	757.601000	0.174582	0.172527	0.250067	-0.000247	0.000356	-0.000285	0.000000	NaN	NaN	NaN	NaN	NaN	NaN	NaN
503.000000	757.575758	0.000000	781.250000	0.000000	757.601000	0.156927	0.127593	0.144770	-0.000243	0.000812	-0.000267	0.000000	NaN	NaN	NaN	NaN	NaN	NaN	NaN
504.000000	757.575758	0.000000	793.650794	0.000000	757.601000	0.137170	0.235319	0.075722	-0.000017	0.000471	-0.000266	0.000000	NaN	NaN	NaN	NaN	NaN	NaN	NaN
505.000000	769.230769	0.000000	581.395349	0.000000	769.202000	0.194178	0.166305	-0.000518	0.000002	0.000586	-0.000283	0.000000	NaN	NaN	NaN	NaN	NaN	NaN	NaN
506.000000	769.230769	0.000000	588.235294	0.000000	769.202000	0.231721	0.209935	0.035301	0.000064	0.000861	-0.000275	0.000000	NaN	NaN	NaN	NaN	NaN	NaN	NaN
507.000000	769.230769	0.000000	595.238095	0.000000	769.202000	0.201183	0.217802	-0.019711	-0.000208	0.000420	-0.000262	0.000000	NaN	NaN	NaN	NaN	NaN	NaN	NaN
508.000000	769.230769	0.000000	602.409639	0.000000	769.202000	0.133859	0.191073	0.168692	-0.000267	0.000640	-0.000285	0.000000	NaN	NaN	NaN	NaN	NaN	NaN	NaN
509.000000	769.230769	0.000000	609.756098	0.000000	769.202000	0.222030	0.182058	0.203507	-0.000010	0.000748	-0.000275	0.000000	NaN	NaN	NaN	NaN	NaN	NaN	NaN
510.000000	769.230769	0.000000	617.283951	0.000000	769.202000	0.150644	0.145275	0.219765	-0.000164	0.000547	-0.000277	0.000000	NaN	NaN	NaN	NaN	NaN	NaN	NaN
511.000000	769.230769	0.000000	625.000000	0.000000	769.202000	0.108423	0.198955	0.169214	-0.000176	0.000546	-0.000315	0.000000	NaN	NaN	NaN	NaN	NaN	NaN	NaN
512.000000	769.230769	0.000000	632.911392	0.000000	769.202000	0.147053	0.240163	0.142074	-0.000208	0.000835	-0.000275	0.000000	NaN	NaN	NaN	NaN	NaN	NaN	NaN
513.000000	769.230769	0.000000	641.025641	0.000000	769.202000	0.169469	0.194550	0.190571	-0.000245	0.000325	-0.000306	0.000000	NaN	NaN	NaN	NaN	NaN	NaN	NaN
514.000000	769.230769	0.000000	649.350649	0.000000	769.202000	0.130373	0.166657	0.203948	0.000073	0.000630	-0.000298	0.000000	NaN	NaN	NaN	NaN	NaN	NaN	NaN
515.000000	769.230769	0.000000	657.894737	0.000000	769.202000	0.130401	0.178247	0.177098	-0.000148	0.000776	-0.000272	0.000000	NaN	NaN	NaN	NaN	NaN	NaN	NaN
516.000000	769.230769	0.000000	666.666667	0.000000	769.202000	0.221926	0.188352	0.189972	-0.000373	0.000408	-0.000304	0.000000	NaN	NaN	NaN	NaN	NaN	NaN	NaN
517.000000	769.230769	0.000000	675.675676	0.000000	769.202000	0.169896	0.154933	0.216322	-0.000360	0.000623	-0.000269	0.000000	NaN	NaN	NaN	NaN	NaN	NaN	NaN
518.000000	769.230769	0.000000	684.931507	0.000000	769.202000	0.124797	0.157179	0.255332	-0.000330	0.000862	-0.000312	0.000000	NaN	NaN	NaN	NaN	NaN	NaN	NaN
519.000000	769.230769	0.000000	694.444444	0.000000	769.202000	0.132132	0.156027	0.253130	-0.000283	0.000734	-0.000340	0.000000	NaN	NaN	NaN	NaN	NaN	NaN	NaN
520.000000	769.230769	0.000000	704.225352	0.000000	769.202000	0.167062	0.138988	0.275737	-0.000232	0.000439	-0.000285	0.000000	NaN	NaN	NaN	NaN	NaN	NaN	NaN
521.000000	769.230769	0.000000	714.285714	0.000000	769.202000	0.172838	0.150433	0.285698	-0.000206	0.000989	-0.000288	0.000000	NaN	NaN	NaN	NaN	NaN	NaN	NaN
522.000000	769.230769	0.000000	724.637681	0.000000	769.202000	0.112761	0.148206	0.286887	-0.000407	0.000817	-0.000280	0.000000	NaN	NaN	NaN	NaN	NaN	NaN	NaN
523.000000	769.230769	0.000000	735.294118	0.000000	769.202000	0.195839	0.124884	0.256475	-0.000232	0.000843	-0.000282	0.000000	NaN	NaN	NaN	NaN	NaN	NaN	NaN
524.000000	769.230769	0.000000	746.268657	0.000000	769.202000	0.205419	0.141905	0.240198	-0.000332	0.000543	-0.000293	0.000000	NaN	NaN	NaN	NaN	NaN	NaN	NaN
525.000000	769.230769	0.000000	757.575758	0.000000	769.202000	0.185675	0.164161	0.350054	-0.000277	0.000800	-0.000283	0.000000	NaN	NaN	NaN	NaN	NaN	NaN	NaN
526.000000	769.230769	0.000000	769.230769	0.000000	769.202000	0.171620	0.102852	0.274740	-0.000070	0.000249	-0.000283	0.000000	NaN	NaN	NaN	NaN	NaN	NaN	NaN
527.000000	769.230769	0.000000	781.250000	0.000000	769.202000	0.153965	0.191343	0.148115	-0.000169	0.000672	-0.000293	0.000000	NaN	NaN	NaN	NaN	NaN	NaN	NaN
528.000000	769.230769	0.000000	793.650794	0.000000	769.202000	0.134208	0.165644	0.084978	-0.000181	0.000440	-0.000280	0.000000	NaN	NaN	NaN	NaN	NaN	NaN	NaN
529.000000	781.250000	0.000000	581.395349	0.000000	781.211100	0.167511	0.206351	-0.019759	-0.000117	0.000512	-0.000274	0.000000	NaN	NaN	NaN	NaN	NaN	NaN	NaN
530.000000	781.250000	0.000000	588.235294	0.000000	781.211100	0.205055	0.116556	0.008736	0.000239	0.000772	-0.000306	0.000000	NaN	NaN	NaN	NaN	NaN	NaN	NaN
531.000000	781.250000	0.000000	595.238095	0.000000	781.211100	0.107804	0.191135	-0.034128	-0.000076	0.000515	-0.000303	0.000000	NaN	NaN	NaN	NaN	NaN	NaN	NaN
532.000000	781.250000	0.000000	602.409639	0.000000	781.211100	0.107192	0.231119	0.104349	-0.000298	0.000401	-0.000270	0.000000	NaN	NaN	NaN	NaN	NaN	NaN	NaN
533.000000	781.250000	0.000000	609.756098	0.000000	781.211100	0.128651	0.155392	0.156555	-0.000103	0.000387	-0.000295	0.000000	NaN	NaN	NaN	NaN	NaN	NaN	NaN
534.000000	781.250000	0.000000	617.283951	0.000000	781.211100	0.190690	0.185322	0.134061	-0.000143	0.000660	-0.000246	0.000000	NaN	NaN	NaN	NaN	NaN	NaN	NaN
535.000000	781.250000	0.000000	625.000000	0.000000	781.211100	0.148469	0.239001	0.137385	-0.000110	0.000545	-0.000256	0.000000	NaN	NaN	NaN	NaN	NaN	NaN	NaN
536.000000	781.250000	0.000000	632.911392	0.000000	781.211100	0.120387	0.080071	0.103854	-0.000206	0.000589	-0.000299	0.000000	NaN	NaN	NaN	NaN	NaN	NaN	NaN
537.000000	781.250000	0.000000	641.025641	0.000000	781.211100	0.076090	0.234596	0.129624	0.000172	0.000786	-0.000315	0.000000	NaN	NaN	NaN	NaN	NaN	NaN	NaN
538.000000	781.250000	0.000000	649.350649	0.000000	781.211100	0.170419	0.139990	0.133263	0.000035	0.000591	-0.000275	0.000000	NaN	NaN	NaN	NaN	NaN	NaN	NaN
539.000000	781.250000	0.000000	657.894737	0.000000	781.211100	0.103734	0.084867	0.133016	-0.000305	0.000457	-0.000298	0.000000	NaN	NaN	NaN	NaN	NaN	NaN	NaN
540.000000	781.250000	0.000000	666.666667	0.000000	781.211100	0.195259	0.228399	0.126295	-0.000083	0.000796	-0.000299	0.000000	NaN	NaN	NaN	NaN	NaN	NaN	NaN
541.000000	781.250000	0.000000	675.675676	0.000000	781.211100	0.209943	0.128267	0.145243	-0.000082	0.000758	-0.000274	0.000000	NaN	NaN	NaN	NaN	NaN	NaN	NaN
542.000000	781.250000	0.000000	684.931507	0.000000	781.211100	0.164843	0.130512	0.170857	-0.000032	0.000889	-0.000286	0.000000	NaN	NaN	NaN	NaN	NaN	NaN	NaN
543.000000	781.250000	0.000000	694.444444	0.000000	781.211100	0.172178	0.196074	0.179185	-0.000043	0.000511	-0.000303	0.000000	NaN	NaN	NaN	NaN	NaN	NaN	NaN
544.000000	781.250000	0.000000	704.225352	0.000000	781.211100	0.140396	0.112321	0.209429	-0.000098	0.000427	-0.000266	0.000000	NaN	NaN	NaN	NaN	NaN	NaN	NaN
545.000000	781.250000	0.000000	714.285714	0.000000	781.211100	0.212884	0.123766	0.214199	-0.000295	0.000758	-0.000277	0.000000	NaN	NaN	NaN	NaN	NaN	NaN	NaN
546.000000	781.250000	0.000000	724.637681	0.000000	781.211100	0.152807	0.188252	0.205415	0.000060	0.000526	-0.000286	0.000000	NaN	NaN	NaN	NaN	NaN	NaN	NaN
547.000000	781.250000	0.000000	735.294118	0.000000	781.211100	0.169172	0.098217	0.155873	-0.000371	0.000424	-0.000311	0.000000	NaN	NaN	NaN	NaN	NaN	NaN	NaN
548.000000	781.250000	0.000000	746.268657	0.000000	781.211100	0.178752	0.181952	0.158757	-0.000332	0.000800	-0.000315	0.000000	NaN	NaN	NaN	NaN	NaN	NaN	NaN
549.000000	781.250000	0.000000	757.575758	0.000000	781.211100	0.159008	0.204207	0.146986	0.000069	0.000507	-0.000266	0.000000	NaN	NaN	NaN	NaN	NaN	NaN	NaN
550.000000	781.250000	0.000000	769.230769	0.000000	781.211100	0.211666	0.142899	0.178740	-0.000444	0.000702	-0.000317	0.000000	NaN	NaN	NaN	NaN	NaN	NaN	NaN
551.000000	781.250000	0.000000	781.250000	0.000000	781.211100	0.127298	0.097964	0.147545	0.000058	0.000875	-0.000282	0.000000	NaN	NaN	NaN	NaN	NaN	NaN	NaN
552.000000	781.250000	0.000000	793.650794	0.000000	781.211100	0.174254	0.205690	0.083233	-0.000216	0.000538	-0.000275	0.000000	NaN	NaN	NaN	NaN	NaN	NaN	NaN
553.000000	793.650794	0.000000	581.395349	0.000000	793.627700	0.209167	0.181294	-0.036325	0.000136	0.000589	-0.000275	0.000000	NaN	NaN	NaN	NaN	NaN	NaN	NaN
554.000000	793.650794	0.000000	588.235294	0.000000	793.627700	0.113285	0.158211	-0.021679	-0.000246	0.000681	-0.000288	0.000000	NaN	NaN	NaN	NaN	NaN	NaN	NaN
555.000000	793.650794	0.000000	595.238095	0.000000	793.627700	0.149460	0.099365	-0.043115	-0.000133	0.000602	-0.000304	0.000000	NaN	NaN	NaN	NaN	NaN	NaN	NaN
556.000000	793.650794	0.000000	602.409639	0.000000	793.627700	0.148848	0.139349	0.040519	-0.000386	0.000662	-0.000290	0.000000	NaN	NaN	NaN	NaN	NaN	NaN	NaN
557.000000	793.650794	0.000000	609.756098	0.000000	793.627700	0.103593	0.197047	0.079223	-0.000017	0.000631	-0.000322	0.000000	NaN	NaN	NaN	NaN	NaN	NaN	NaN
558.000000	793.650794	0.000000	617.283951	0.000000	793.627700	0.165633	0.160264	0.062438	-0.000114	0.000505	-0.000285	0.000000	NaN	NaN	NaN	NaN	NaN	NaN	NaN
559.000000	793.650794	0.000000	625.000000	0.000000	793.627700	0.190125	0.080518	0.061656	0.000022	0.000561	-0.000272	0.000000	NaN	NaN	NaN	NaN	NaN	NaN	NaN
560.000000	793.650794	0.000000	632.911392	0.000000	793.627700	0.162042	0.121726	0.046158	0.000098	0.000586	-0.000249	0.000000	NaN	NaN	NaN	NaN	NaN	NaN	NaN
561.000000	793.650794	0.000000	641.025641	0.000000	793.627700	0.117746	0.142826	0.065413	-0.000083	0.000333	-0.000296	0.000000	NaN	NaN	NaN	NaN	NaN	NaN	NaN
562.000000	793.650794	0.000000	649.350649	0.000000	793.627700	0.145362	0.181646	0.078463	0.000038	0.000922	-0.000269	0.000000	NaN	NaN	NaN	NaN	NaN	NaN	NaN
563.000000	793.650794	0.000000	657.894737	0.000000	793.627700	0.145390	0.126523	0.073801	0.000131	0.000633	-0.000280	0.000000	NaN	NaN	NaN	NaN	NaN	NaN	NaN
564.000000	793.650794	0.000000	666.666667	0.000000	793.627700	0.103489	0.136629	0.087026	-0.000171	0.000675	-0.000278	0.000000	NaN	NaN	NaN	NaN	NaN	NaN	NaN
565.000000	793.650794	0.000000	675.675676	0.000000	793.627700	0.184885	0.169922	0.104149	0.000001	0.000320	-0.000290	0.000000	NaN	NaN	NaN	NaN	NaN	NaN	NaN
566.000000	793.650794	0.000000	684.931507	0.000000	793.627700	0.139786	0.172168	0.124538	0.000045	0.000732	-0.000291	0.000000	NaN	NaN	NaN	NaN	NaN	NaN	NaN
567.000000	793.650794	0.000000	694.444444	0.000000	793.627700	0.147121	0.171016	0.135384	-0.000055	0.000361	-0.000278	0.000000	NaN	NaN	NaN	NaN	NaN	NaN	NaN
568.000000	793.650794	0.000000	704.225352	0.000000	793.627700	0.182051	0.153977	0.142972	-0.000117	0.000667	-0.000280	0.000000	NaN	NaN	NaN	NaN	NaN	NaN	NaN
569.000000	793.650794	0.000000	714.285714	0.000000	793.627700	0.187827	0.165422	0.142525	-0.000333	0.000524	-0.000290	0.000000	NaN	NaN	NaN	NaN	NaN	NaN	NaN
570.000000	793.650794	0.000000	724.637681	0.000000	793.627700	0.127750	0.229908	0.150059	-0.000150	0.000718	-0.000274	0.000000	NaN	NaN	NaN	NaN	NaN	NaN	NaN
571.000000	793.650794	0.000000	735.294118	0.000000	793.627700	0.210828	0.139873	0.122755	-0.000230	0.000742	-0.000291	0.000000	NaN	NaN	NaN	NaN	NaN	NaN	NaN
572.000000	793.650794	0.000000	746.268657	0.000000	793.627700	0.220408	0.156894	0.115333	-0.000278	0.000691	-0.000275	0.000000	NaN	NaN	NaN	NaN	NaN	NaN	NaN
573.000000	793.650794	0.000000	757.575758	0.000000	793.627700	0.200664	0.179150	0.108299	-0.000071	0.000866	-0.000280	0.000000	NaN	NaN	NaN	NaN	NaN	NaN	NaN
574.000000	793.650794	0.000000	769.230769	0.000000	793.627700	0.186609	0.184554	0.077223	-0.000346	0.000809	-0.000296	0.000000	NaN	NaN	NaN	NaN	NaN	NaN	NaN
575.000000	793.650794	0.000000	781.250000	0.000000	793.627700	0.168954	0.139619	0.088371	-0.000364	0.000733	-0.000262	0.000000	NaN	NaN	NaN	NaN	NaN	NaN	NaN
576.000000	793.650794	0.000000	793.650794	0.000000	793.627700	0.149197	0.113920	0.098770	-0.000197	0.000567	-0.000262	0.000000	NaN	NaN	NaN	NaN	NaN	NaN	NaN
