1.000000	581.395349	0.000000	581.395349	0.000000	581.442000	50.175634	50.185080	0.006837	0.000193	0.000666	-0.000284	0.000000	NaN	NaN	NaN	NaN	NaN	NaN	NaN
2.000000	581.395349	0.000000	588.235294	0.000000	581.442000	50.146464	50.095285	0.010452	-0.000284	0.000620	-0.000270	0.000000	NaN	NaN	NaN	NaN	NaN	NaN	NaN
3.000000	581.395349	0.000000	595.238095	0.000000	581.442000	50.182639	50.236577	-0.000891	-0.000250	0.000784	-0.000298	0.000000	NaN	NaN	NaN	NaN	NaN	NaN	NaN
4.000000	581.395349	0.000000	602.409639	0.000000	581.442000	50.115314	50.076422	0.003529	0.000119	0.000502	-0.000280	0.000000	NaN	NaN	NaN	NaN	NaN	NaN	NaN
5.000000	581.395349	0.000000	609.756098	0.000000	581.442000	50.203486	50.200834	0.003323	-0.000184	0.000674	-0.000285	0.000000	NaN	NaN	NaN	NaN	NaN	NaN	NaN
6.000000	581.395349	0.000000	617.283951	0.000000	581.442000	50.132100	50.164051	-0.000238	-0.000025	0.000838	-0.000259	0.000000	NaN	NaN	NaN	NaN	NaN	NaN	NaN
7.000000	581.395349	0.000000	625.000000	0.000000	581.442000	50.089878	50.084305	0.002511	0.000004	0.000675	-0.000291	0.000000	NaN	NaN	NaN	NaN	NaN	NaN	NaN
8.000000	581.395349	0.000000	632.911392	0.000000	581.442000	50.155135	50.155394	-0.002132	-0.000110	0.000567	-0.000287	0.000000	NaN	NaN	NaN	NaN	NaN	NaN	NaN
9.000000	581.395349	0.000000	641.025641	0.000000	581.442000	50.168758	50.165881	0.005704	-0.000162	0.000390	-0.000293	0.000000	NaN	NaN	NaN	NaN	NaN	NaN	NaN
10.000000	581.395349	0.000000	649.350649	0.000000	581.442000	50.120206	50.128075	0.015294	-0.000291	0.000635	-0.000294	0.000000	NaN	NaN	NaN	NaN	NaN	NaN	NaN
11.000000	581.395349	0.000000	657.894737	0.000000	581.442000	50.111857	50.130309	0.002979	0.000056	0.000579	-0.000278	0.000000	NaN	NaN	NaN	NaN	NaN	NaN	NaN
12.000000	581.395349	0.000000	666.666667	0.000000	581.442000	50.136668	50.073702	0.001365	-0.000030	0.000392	-0.000262	0.000000	NaN	NaN	NaN	NaN	NaN	NaN	NaN
13.000000	581.395349	0.000000	675.675676	0.000000	581.442000	50.151352	50.173708	0.002819	-0.000146	0.000531	-0.000286	0.000000	NaN	NaN	NaN	NaN	NaN	NaN	NaN
14.000000	581.395349	0.000000	684.931507	0.000000	581.442000	50.106253	50.175954	0.000015	0.000061	0.000559	-0.000297	0.000000	NaN	NaN	NaN	NaN	NaN	NaN	NaN
15.000000	581.395349	0.000000	694.444444	0.000000	581.442000	50.113587	50.174803	-0.002174	-0.000142	0.000446	-0.000308	0.000000	NaN	NaN	NaN	NaN	NaN	NaN	NaN
16.000000	581.395349	0.000000	704.225352	0.000000	581.442000	50.081805	50.157763	-0.004007	-0.000161	0.000725	-0.000294	0.000000	NaN	NaN	NaN	NaN	NaN	NaN	NaN
17.000000	581.395349	0.000000	714.285714	0.000000	581.442000	50.154293	50.169208	-0.005720	-0.000034	0.000589	-0.000276	0.000000	NaN	NaN	NaN	NaN	NaN	NaN	NaN
18.000000	581.395349	0.000000	724.637681	0.000000	581.442000	50.227642	50.166981	-0.004627	-0.000079	0.000723	-0.000263	0.000000	NaN	NaN	NaN	NaN	NaN	NaN	NaN
19.000000	581.395349	0.000000	735.294118	0.000000	581.442000	50.110582	50.143659	-0.007408	-0.000018	0.000646	-0.000302	0.000000	NaN	NaN	NaN	NaN	NaN	NaN	NaN
20.000000	581.395349	0.000000	746.268657	0.000000	581.442000	50.120162	50.160681	-0.008752	-0.000044	0.000541	-0.000286	0.000000	NaN	NaN	NaN	NaN	NaN	NaN	NaN
21.000000	581.395349	0.000000	757.575758	0.000000	581.442000	50.100418	50.182936	-0.008680	-0.000176	0.000652	-0.000294	0.000000	NaN	NaN	NaN	NaN	NaN	NaN	NaN
22.000000	581.395349	0.000000	769.230769	0.000000	581.442000	50.153076	50.121628	-0.008438	-0.000125	0.000484	-0.000285	0.000000	NaN	NaN	NaN	NaN	NaN	NaN	NaN
23.000000	581.395349	0.000000	781.250000	0.000000	581.442000	50.068708	50.076693	-0.009312	-0.000095	0.000430	-0.000274	0.000000	NaN	NaN	NaN	NaN	NaN	NaN	NaN
24.000000	581.395349	0.000000	793.650794	0.000000	581.442000	50.115664	50.117706	-0.009384	-0.000029	0.000561	-0.000288	0.000000	NaN	NaN	NaN	NaN	NaN	NaN	NaN
25.000000	588.235294	0.000000	581.395349	0.000000	588.238500	50.232534	50.108555	0.007212	0.000065	0.000689	-0.000291	0.000000	NaN	NaN	NaN	NaN	NaN	NaN	NaN
26.000000	588.235294	0.000000	588.235294	0.000000	588.238500	50.136651	50.152185	0.013723	-0.000102	0.000789	-0.000294	0.000000	NaN	NaN	NaN	NaN	NaN	NaN	NaN
27.000000	588.235294	0.000000	595.238095	0.000000	588.238500	50.106114	50.160051	0.001263	-0.000046	0.000679	-0.000281	0.000000	NaN	NaN	NaN	NaN	NaN	NaN	NaN
28.000000	588.235294	0.000000	602.409639	0.000000	588.238500	50.172215	50.133323	0.007597	0.000094	0.000896	-0.000293	0.000000	NaN	NaN	NaN	NaN	NaN	NaN	NaN
29.000000	588.235294	0.000000	609.756098	0.000000	588.238500	50.126960	50.124308	0.005198	0.000138	0.000681	-0.000307	0.000000	NaN	NaN	NaN	NaN	NaN	NaN	NaN
30.000000	588.235294	0.000000	617.283951	0.000000	588.238500	50.189000	50.087525	-0.001064	0.000106	0.000637	-0.000281	0.000000	NaN	NaN	NaN	NaN	NaN	NaN	NaN
31.000000	588.235294	0.000000	625.000000	0.000000	588.238500	50.146779	50.141205	0.002033	-0.000022	0.000694	-0.000297	0.000000	NaN	NaN	NaN	NaN	NaN	NaN	NaN
32.000000	588.235294	0.000000	632.911392	0.000000	588.238500	50.078610	50.078868	-0.001912	0.000023	0.000551	-0.000299	0.000000	NaN	NaN	NaN	NaN	NaN	NaN	NaN
33.000000	588.235294	0.000000	641.025641	0.000000	588.238500	50.158945	50.089355	0.007003	-0.000015	0.000615	-0.000279	0.000000	NaN	NaN	NaN	NaN	NaN	NaN	NaN
34.000000	588.235294	0.000000	649.350649	0.000000	588.238500	50.177106	50.184975	0.012814	0.000003	0.000418	-0.000274	0.000000	NaN	NaN	NaN	NaN	NaN	NaN	NaN
35.000000	588.235294	0.000000	657.894737	0.000000	588.238500	50.168757	50.187209	0.001687	-0.000132	0.000573	-0.000298	0.000000	NaN	NaN	NaN	NaN	NaN	NaN	NaN
36.000000	588.235294	0.000000	666.666667	0.000000	588.238500	50.126856	50.130602	0.000594	-0.000060	0.000953	-0.000278	0.000000	NaN	NaN	NaN	NaN	NaN	NaN	NaN
37.000000	588.235294	0.000000	675.675676	0.000000	588.238500	50.074827	50.230609	0.001266	-0.000199	0.000515	-0.000318	0.000000	NaN	NaN	NaN	NaN	NaN	NaN	NaN
38.000000	588.235294	0.000000	684.931507	0.000000	588.238500	50.163153	50.099429	0.000735	-0.000070	0.001074	-0.000293	0.000000	NaN	NaN	NaN	NaN	NaN	NaN	NaN
39.000000	588.235294	0.000000	694.444444	0.000000	588.238500	50.170488	50.098277	-0.003805	-0.000064	0.000598	-0.000284	0.000000	NaN	NaN	NaN	NaN	NaN	NaN	NaN
40.000000	588.235294	0.000000	704.225352	0.000000	588.238500	50.205418	50.214663	-0.004315	-0.000140	0.000697	-0.000283	0.000000	NaN	NaN	NaN	NaN	NaN	NaN	NaN
41.000000	588.235294	0.000000	714.285714	0.000000	588.238500	50.077768	50.226108	-0.005421	0.000002	0.000599	-0.000292	0.000000	NaN	NaN	NaN	NaN	NaN	NaN	NaN
42.000000	588.235294	0.000000	724.637681	0.000000	588.238500	50.151117	50.090456	-0.005736	0.000087	0.000434	-0.000302	0.000000	NaN	NaN	NaN	NaN	NaN	NaN	NaN
43.000000	588.235294	0.000000	735.294118	0.000000	588.238500	50.167482	50.200559	-0.008027	0.000020	0.000672	-0.000262	0.000000	NaN	NaN	NaN	NaN	NaN	NaN	NaN
44.000000	588.235294	0.000000	746.268657	0.000000	588.238500	50.110349	50.084155	-0.008850	-0.000089	0.000394	-0.000298	0.000000	NaN	NaN	NaN	NaN	NaN	NaN	NaN
45.000000	588.235294	0.000000	757.575758	0.000000	588.238500	50.157318	50.106410	-0.009009	-0.000106	0.000492	-0.000279	0.000000	NaN	NaN	NaN	NaN	NaN	NaN	NaN
46.000000	588.235294	0.000000	769.230769	0.000000	588.238500	50.209976	50.178528	-0.009677	-0.000151	0.000720	-0.000292	0.000000	NaN	NaN	NaN	NaN	NaN	NaN	NaN
47.000000	588.235294	0.000000	781.250000	0.000000	588.238500	50.125608	50.133593	-0.009792	-0.000221	0.000622	-0.000284	0.000000	NaN	NaN	NaN	NaN	NaN	NaN	NaN
48.000000	588.235294	0.000000	793.650794	0.000000	588.238500	50.172564	50.174606	-0.011157	-0.000127	0.000653	-0.000286	0.000000	NaN	NaN	NaN	NaN	NaN	NaN	NaN
49.000000	595.238095	0.000000	581.395349	0.000000	595.240400	50.224031	50.100052	0.001703	-0.000037	0.000772	-0.000286	0.000000	NaN	NaN	NaN	NaN	NaN	NaN	NaN
50.000000	595.238095	0.000000	588.235294	0.000000	595.240400	50.128149	50.143682	0.017118	-0.000013	0.000619	-0.000306	0.000000	NaN	NaN	NaN	NaN	NaN	NaN	NaN
51.000000	595.238095	0.000000	595.238095	0.000000	595.240400	50.097611	50.151549	0.004829	0.000052	0.000636	-0.000287	0.000000	NaN	NaN	NaN	NaN	NaN	NaN	NaN
52.000000	595.238095	0.000000	602.409639	0.000000	595.240400	50.163712	50.124820	0.009584	0.000017	0.000531	-0.000268	0.000000	NaN	NaN	NaN	NaN	NaN	NaN	NaN
53.000000	595.238095	0.000000	609.756098	0.000000	595.240400	50.118457	50.115805	0.006388	-0.000224	0.000758	-0.000271	0.000000	NaN	NaN	NaN	NaN	NaN	NaN	NaN
54.000000	595.238095	0.000000	617.283951	0.000000	595.240400	50.180497	50.079022	0.000983	-0.000021	0.000441	-0.000283	0.000000	NaN	NaN	NaN	NaN	NaN	NaN	NaN
55.000000	595.238095	0.000000	625.000000	0.000000	595.240400	50.138276	50.132702	0.001684	0.000101	0.000562	-0.000295	0.000000	NaN	NaN	NaN	NaN	NaN	NaN	NaN
56.000000	595.238095	0.000000	632.911392	0.000000	595.240400	50.070107	50.203791	-0.000728	-0.000133	0.000658	-0.000277	0.000000	NaN	NaN	NaN	NaN	NaN	NaN	NaN
57.000000	595.238095	0.000000	641.025641	0.000000	595.240400	50.150442	50.080852	0.007653	-0.000091	0.000590	-0.000281	0.000000	NaN	NaN	NaN	NaN	NaN	NaN	NaN
58.000000	595.238095	0.000000	649.350649	0.000000	595.240400	50.168603	50.176473	0.014747	0.000098	0.000471	-0.000286	0.000000	NaN	NaN	NaN	NaN	NaN	NaN	NaN
59.000000	595.238095	0.000000	657.894737	0.000000	595.240400	50.160254	50.178707	0.001031	0.000108	0.000579	-0.000268	0.000000	NaN	NaN	NaN	NaN	NaN	NaN	NaN
60.000000	595.238095	0.000000	666.666667	0.000000	595.240400	50.118353	50.122099	0.000718	0.000213	0.000562	-0.000269	0.000000	NaN	NaN	NaN	NaN	NaN	NaN	NaN
61.000000	595.238095	0.000000	675.675676	0.000000	595.240400	50.066324	50.222106	0.001215	0.000017	0.001040	-0.000287	0.000000	NaN	NaN	NaN	NaN	NaN	NaN	NaN
62.000000	595.238095	0.000000	684.931507	0.000000	595.240400	50.154650	50.090926	-0.000493	-0.000051	0.000795	-0.000284	0.000000	NaN	NaN	NaN	NaN	NaN	NaN	NaN
63.000000	595.238095	0.000000	694.444444	0.000000	595.240400	50.161985	50.089774	-0.002539	-0.000213	0.000579	-0.000274	0.000000	NaN	NaN	NaN	NaN	NaN	NaN	NaN
64.000000	595.238095	0.000000	704.225352	0.000000	595.240400	50.196915	50.206160	-0.003438	-0.000071	0.000651	-0.000280	0.000000	NaN	NaN	NaN	NaN	NaN	NaN	NaN
65.000000	595.238095	0.000000	714.285714	0.000000	595.240400	50.069265	50.217606	-0.005841	0.000083	0.000596	-0.000265	0.000000	NaN	NaN	NaN	NaN	NaN	NaN	NaN
66.000000	595.238095	0.000000	724.637681	0.000000	595.240400	50.142614	50.148666	-0.005481	-0.000165	0.000538	-0.000289	0.000000	NaN	NaN	NaN	NaN	NaN	NaN	NaN
67.000000	595.238095	0.000000	735.294118	0.000000	595.240400	50.225692	50.192056	-0.008026	-0.000050	0.000718	-0.000286	0.000000	NaN	NaN	NaN	NaN	NaN	NaN	NaN
68.000000	595.238095	0.000000	746.268657	0.000000	595.240400	50.168559	50.075652	-0.008741	0.000123	0.000484	-0.000292	0.000000	NaN	NaN	NaN	NaN	NaN	NaN	NaN
69.000000	595.238095	0.000000	757.575758	0.000000	595.240400	50.215528	50.097908	-0.008835	0.000066	0.000594	-0.000295	0.000000	NaN	NaN	NaN	NaN	NaN	NaN	NaN
70.000000	595.238095	0.000000	769.230769	0.000000	595.240400	50.201473	50.170025	-0.009508	0.000111	0.000594	-0.000297	0.000000	NaN	NaN	NaN	NaN	NaN	NaN	NaN
71.000000	595.238095	0.000000	781.250000	0.000000	595.240400	50.183818	50.125090	-0.011100	0.000134	0.000671	-0.000299	0.000000	NaN	NaN	NaN	NaN	NaN	NaN	NaN
72.000000	595.238095	0.000000	793.650794	0.000000	595.240400	50.164061	50.166104	-0.009838	-0.000092	0.000544	-0.000297	0.000000	NaN	NaN	NaN	NaN	NaN	NaN	NaN
73.000000	602.409639	0.000000	581.395349	0.000000	602.447300	50.154914	50.164361	-0.000182	-0.000221	0.000803	-0.000323	0.000000	NaN	NaN	NaN	NaN	NaN	NaN	NaN
74.000000	602.409639	0.000000	588.235294	0.000000	602.447300	50.192457	50.141278	0.012993	0.000005	0.000586	-0.000301	0.000000	NaN	NaN	NaN	NaN	NaN	NaN	NaN
75.000000	602.409639	0.000000	595.238095	0.000000	602.447300	50.161920	50.082432	0.011507	-0.000074	0.000671	-0.000294	0.000000	NaN	NaN	NaN	NaN	NaN	NaN	NaN
76.000000	602.409639	0.000000	602.409639	0.000000	602.447300	50.094595	50.122416	0.016721	0.000127	0.000648	-0.000298	0.000000	NaN	NaN	NaN	NaN	NaN	NaN	NaN
77.000000	602.409639	0.000000	609.756098	0.000000	602.447300	50.182766	50.180114	0.010971	-0.000160	0.000659	-0.000299	0.000000	NaN	NaN	NaN	NaN	NaN	NaN	NaN
78.000000	602.409639	0.000000	617.283951	0.000000	602.447300	50.111380	50.143331	0.003734	0.000097	0.000538	-0.000274	0.000000	NaN	NaN	NaN	NaN	NaN	NaN	NaN
79.000000	602.409639	0.000000	625.000000	0.000000	602.447300	50.135872	50.130298	0.005454	-0.000038	0.000646	-0.000279	0.000000	NaN	NaN	NaN	NaN	NaN	NaN	NaN
80.000000	602.409639	0.000000	632.911392	0.000000	602.447300	50.134416	50.134674	0.001907	0.000178	0.000662	-0.000285	0.000000	NaN	NaN	NaN	NaN	NaN	NaN	NaN
81.000000	602.409639	0.000000	641.025641	0.000000	602.447300	50.214751	50.145161	0.009908	0.000078	0.000677	-0.000289	0.000000	NaN	NaN	NaN	NaN	NaN	NaN	NaN
82.000000	602.409639	0.000000	649.350649	0.000000	602.447300	50.166199	50.174069	0.016767	0.000060	0.000744	-0.000286	0.000000	NaN	NaN	NaN	NaN	NaN	NaN	NaN
83.000000	602.409639	0.000000	657.894737	0.000000	602.447300	50.091137	50.109590	0.005064	-0.000005	0.000709	-0.000284	0.000000	NaN	NaN	NaN	NaN	NaN	NaN	NaN
84.000000	602.409639	0.000000	666.666667	0.000000	602.447300	50.182662	50.119695	0.003044	-0.000087	0.000628	-0.000276	0.000000	NaN	NaN	NaN	NaN	NaN	NaN	NaN
85.000000	602.409639	0.000000	675.675676	0.000000	602.447300	50.197345	50.152989	0.002707	-0.000255	0.000738	-0.000291	0.000000	NaN	NaN	NaN	NaN	NaN	NaN	NaN
86.000000	602.409639	0.000000	684.931507	0.000000	602.447300	50.085533	50.155235	-0.001242	0.000131	0.000485	-0.000288	0.000000	NaN	NaN	NaN	NaN	NaN	NaN	NaN
87.000000	602.409639	0.000000	694.444444	0.000000	602.447300	50.092868	50.220796	-0.002384	-0.000040	0.000734	-0.000293	0.000000	NaN	NaN	NaN	NaN	NaN	NaN	NaN
88.000000	602.409639	0.000000	704.225352	0.000000	602.447300	50.127798	50.137043	-0.003228	-0.000090	0.000527	-0.000285	0.000000	NaN	NaN	NaN	NaN	NaN	NaN	NaN
89.000000	602.409639	0.000000	714.285714	0.000000	602.447300	50.200287	50.148489	-0.003297	-0.000001	0.000595	-0.000288	0.000000	NaN	NaN	NaN	NaN	NaN	NaN	NaN
90.000000	602.409639	0.000000	724.637681	0.000000	602.447300	50.073497	50.212975	-0.003379	0.000004	0.000723	-0.000278	0.000000	NaN	NaN	NaN	NaN	NaN	NaN	NaN
91.000000	602.409639	0.000000	735.294118	0.000000	602.447300	50.156575	50.122940	-0.006898	-0.000262	0.000682	-0.000303	0.000000	NaN	NaN	NaN	NaN	NaN	NaN	NaN
92.000000	602.409639	0.000000	746.268657	0.000000	602.447300	50.166155	50.139961	-0.007819	-0.000006	0.000655	-0.000314	0.000000	NaN	NaN	NaN	NaN	NaN	NaN	NaN
93.000000	602.409639	0.000000	757.575758	0.000000	602.447300	50.146411	50.228929	-0.007510	-0.000054	0.000584	-0.000299	0.000000	NaN	NaN	NaN	NaN	NaN	NaN	NaN
94.000000	602.409639	0.000000	769.230769	0.000000	602.447300	50.132356	50.167621	-0.008529	0.000022	0.000475	-0.000273	0.000000	NaN	NaN	NaN	NaN	NaN	NaN	NaN
95.000000	602.409639	0.000000	781.250000	0.000000	602.447300	50.114701	50.122686	-0.010101	0.000054	0.000490	-0.000296	0.000000	NaN	NaN	NaN	NaN	NaN	NaN	NaN
96.000000	602.409639	0.000000	793.650794	0.000000	602.447300	50.094944	50.096987	-0.009867	-0.000110	0.000405	-0.000310	0.000000	NaN	NaN	NaN	NaN	NaN	NaN	NaN
97.000000	609.756098	0.000000	581.395349	0.000000	609.756400	50.100807	50.110254	-0.003361	-0.000080	0.000587	-0.000246	0.000000	NaN	NaN	NaN	NaN	NaN	NaN	NaN
98.000000	609.756098	0.000000	588.235294	0.000000	609.756400	50.138350	50.153884	0.005061	0.000021	0.000517	-0.000254	0.000000	NaN	NaN	NaN	NaN	NaN	NaN	NaN
99.000000	609.756098	0.000000	595.238095	0.000000	609.756400	50.107813	50.161750	0.007176	-0.000038	0.000590	-0.000278	0.000000	NaN	NaN	NaN	NaN	NaN	NaN	NaN
100.000000	609.756098	0.000000	602.409639	0.000000	609.756400	50.173914	50.135022	0.014707	0.000030	0.000673	-0.000291	0.000000	NaN	NaN	NaN	NaN	NaN	NaN	NaN
101.000000	609.756098	0.000000	609.756098	0.000000	609.756400	50.128659	50.126007	0.013776	0.000263	0.000481	-0.000270	0.000000	NaN	NaN	NaN	NaN	NaN	NaN	NaN
102.000000	609.756098	0.000000	617.283951	0.000000	609.756400	50.190699	50.089224	0.003727	0.000022	0.000763	-0.000256	0.000000	NaN	NaN	NaN	NaN	NaN	NaN	NaN
103.000000	609.756098	0.000000	625.000000	0.000000	609.756400	50.148478	50.142904	0.005473	-0.000196	0.000594	-0.000291	0.000000	NaN	NaN	NaN	NaN	NaN	NaN	NaN
104.000000	609.756098	0.000000	632.911392	0.000000	609.756400	50.080309	50.080567	-0.000134	-0.000136	0.000604	-0.000307	0.000000	NaN	NaN	NaN	NaN	NaN	NaN	NaN
105.000000	609.756098	0.000000	641.025641	0.000000	609.756400	50.160644	50.091054	0.006648	-0.000072	0.000482	-0.000291	0.000000	NaN	NaN	NaN	NaN	NaN	NaN	NaN
106.000000	609.756098	0.000000	649.350649	0.000000	609.756400	50.178805	50.053249	0.011680	-0.000109	0.000581	-0.000278	0.000000	NaN	NaN	NaN	NaN	NaN	NaN	NaN
107.000000	609.756098	0.000000	657.894737	0.000000	609.756400	50.170456	50.188909	0.003360	-0.000305	0.000790	-0.000282	0.000000	NaN	NaN	NaN	NaN	NaN	NaN	NaN
108.000000	609.756098	0.000000	666.666667	0.000000	609.756400	50.128555	50.132301	0.001562	0.000066	0.000972	-0.000283	0.000000	NaN	NaN	NaN	NaN	NaN	NaN	NaN
109.000000	609.756098	0.000000	675.675676	0.000000	609.756400	50.076526	50.098882	0.000884	0.000152	0.000670	-0.000260	0.000000	NaN	NaN	NaN	NaN	NaN	NaN	NaN
110.000000	609.756098	0.000000	684.931507	0.000000	609.756400	50.164852	50.101128	0.000545	0.000072	0.000431	-0.000275	0.000000	NaN	NaN	NaN	NaN	NaN	NaN	NaN
111.000000	609.756098	0.000000	694.444444	0.000000	609.756400	50.172187	50.099976	-0.003770	-0.000150	0.000803	-0.000295	0.000000	NaN	NaN	NaN	NaN	NaN	NaN	NaN
112.000000	609.756098	0.000000	704.225352	0.000000	609.756400	50.207117	50.082936	-0.004996	0.000009	0.000612	-0.000291	0.000000	NaN	NaN	NaN	NaN	NaN	NaN	NaN
113.000000	609.756098	0.000000	714.285714	0.000000	609.756400	50.079467	50.227808	-0.005620	0.000002	0.000613	-0.000289	0.000000	NaN	NaN	NaN	NaN	NaN	NaN	NaN
114.000000	609.756098	0.000000	724.637681	0.000000	609.756400	50.152816	50.092155	-0.004086	0.000195	0.000791	-0.000258	0.000000	NaN	NaN	NaN	NaN	NaN	NaN	NaN
115.000000	609.756098	0.000000	735.294118	0.000000	609.756400	50.102468	50.202258	-0.009161	-0.000081	0.000633	-0.000267	0.000000	NaN	NaN	NaN	NaN	NaN	NaN	NaN
116.000000	609.756098	0.000000	746.268657	0.000000	609.756400	50.112048	50.085854	-0.007316	-0.000082	0.000786	-0.000321	0.000000	NaN	NaN	NaN	NaN	NaN	NaN	NaN
117.000000	609.756098	0.000000	757.575758	0.000000	609.756400	50.225730	50.108109	-0.007993	0.000109	0.000262	-0.000271	0.000000	NaN	NaN	NaN	NaN	NaN	NaN	NaN
118.000000	609.756098	0.000000	769.230769	0.000000	609.756400	50.211675	50.180227	-0.009400	-0.000016	0.000872	-0.000289	0.000000	NaN	NaN	NaN	NaN	NaN	NaN	NaN
119.000000	609.756098	0.000000	781.250000	0.000000	609.756400	50.194020	50.135292	-0.010010	-0.000090	0.000965	-0.000286	0.000000	NaN	NaN	NaN	NaN	NaN	NaN	NaN
120.000000	609.756098	0.000000	793.650794	0.000000	609.756400	50.174263	50.176306	-0.009363	0.000022	0.000969	-0.000268	0.000000	NaN	NaN	NaN	NaN	NaN	NaN	NaN
121.000000	617.283951	0.000000	581.395349	0.000000	617.270600	50.092159	50.101606	-0.003515	-0.000141	0.000624	-0.000274	0.000000	NaN	NaN	NaN	NaN	NaN	NaN	NaN
122.000000	617.283951	0.000000	588.235294	0.000000	617.270600	50.129702	50.145236	0.002302	-0.000045	0.000573	-0.000257	0.000000	NaN	NaN	NaN	NaN	NaN	NaN	NaN
123.000000	617.283951	0.000000	595.238095	0.000000	617.270600	50.099164	50.153102	0.002211	0.000019	0.000842	-0.000289	0.000000	NaN	NaN	NaN	NaN	NaN	NaN	NaN
124.000000	617.283951	0.000000	602.409639	0.000000	617.270600	50.165266	50.193086	0.012698	-0.000129	0.000596	-0.000334	0.000000	NaN	NaN	NaN	NaN	NaN	NaN	NaN
125.000000	617.283951	0.000000	609.756098	0.000000	617.270600	50.120011	50.117359	0.015009	-0.000015	0.000728	-0.000313	0.000000	NaN	NaN	NaN	NaN	NaN	NaN	NaN
126.000000	617.283951	0.000000	617.283951	0.000000	617.270600	50.048625	50.080576	0.008243	0.000256	0.000262	-0.000284	0.000000	NaN	NaN	NaN	NaN	NaN	NaN	NaN
127.000000	617.283951	0.000000	625.000000	0.000000	617.270600	50.206542	50.134256	0.006305	-0.000103	0.000608	-0.000249	0.000000	NaN	NaN	NaN	NaN	NaN	NaN	NaN
128.000000	617.283951	0.000000	632.911392	0.000000	617.270600	50.071660	50.071919	0.000007	-0.000071	0.000745	-0.000271	0.000000	NaN	NaN	NaN	NaN	NaN	NaN	NaN
129.000000	617.283951	0.000000	641.025641	0.000000	617.270600	50.151996	50.082406	0.005986	-0.000028	0.000340	-0.000273	0.000000	NaN	NaN	NaN	NaN	NaN	NaN	NaN
130.000000	617.283951	0.000000	649.350649	0.000000	617.270600	50.103444	50.111313	0.009972	-0.000018	0.000707	-0.000295	0.000000	NaN	NaN	NaN	NaN	NaN	NaN	NaN
131.000000	617.283951	0.000000	657.894737	0.000000	617.270600	50.161808	50.180260	0.001586	-0.000085	0.000517	-0.000286	0.000000	NaN	NaN	NaN	NaN	NaN	NaN	NaN
132.000000	617.283951	0.000000	666.666667	0.000000	617.270600	50.119907	50.190366	0.003856	-0.000206	0.000796	-0.000280	0.000000	NaN	NaN	NaN	NaN	NaN	NaN	NaN
133.000000	617.283951	0.000000	675.675676	0.000000	617.270600	50.067877	50.090234	0.003088	-0.000197	0.000720	-0.000293	0.000000	NaN	NaN	NaN	NaN	NaN	NaN	NaN
134.000000	617.283951	0.000000	684.931507	0.000000	617.270600	50.156204	50.092479	0.001079	-0.000109	0.000727	-0.000303	0.000000	NaN	NaN	NaN	NaN	NaN	NaN	NaN
135.000000	617.283951	0.000000	694.444444	0.000000	617.270600	50.163538	50.158041	-0.002507	-0.000230	0.000600	-0.000288	0.000000	NaN	NaN	NaN	NaN	NaN	NaN	NaN
136.000000	617.283951	0.000000	704.225352	0.000000	617.270600	50.198469	50.074288	-0.003316	-0.000163	0.000658	-0.000317	0.000000	NaN	NaN	NaN	NaN	NaN	NaN	NaN
137.000000	617.283951	0.000000	714.285714	0.000000	617.270600	50.137532	50.085734	-0.005381	-0.000024	0.000682	-0.000296	0.000000	NaN	NaN	NaN	NaN	NaN	NaN	NaN
138.000000	617.283951	0.000000	724.637681	0.000000	617.270600	50.144168	50.150219	-0.003530	-0.000031	0.000741	-0.000279	0.000000	NaN	NaN	NaN	NaN	NaN	NaN	NaN
139.000000	617.283951	0.000000	735.294118	0.000000	617.270600	50.093820	50.193610	-0.006854	-0.000012	0.000644	-0.000295	0.000000	NaN	NaN	NaN	NaN	NaN	NaN	NaN
140.000000	617.283951	0.000000	746.268657	0.000000	617.270600	50.103400	50.077206	-0.008738	-0.000193	0.000343	-0.000282	0.000000	NaN	NaN	NaN	NaN	NaN	NaN	NaN
141.000000	617.283951	0.000000	757.575758	0.000000	617.270600	50.083656	50.166174	-0.007167	-0.000224	0.000785	-0.000289	0.000000	NaN	NaN	NaN	NaN	NaN	NaN	NaN
142.000000	617.283951	0.000000	769.230769	0.000000	617.270600	50.069601	50.238291	-0.009270	0.000174	0.000823	-0.000258	0.000000	NaN	NaN	NaN	NaN	NaN	NaN	NaN
143.000000	617.283951	0.000000	781.250000	0.000000	617.270600	50.185371	50.193357	-0.010198	0.000012	0.000755	-0.000282	0.000000	NaN	NaN	NaN	NaN	NaN	NaN	NaN
144.000000	617.283951	0.000000	793.650794	0.000000	617.270600	50.165615	50.167657	-0.008915	0.000078	0.000429	-0.000297	0.000000	NaN	NaN	NaN	NaN	NaN	NaN	NaN
145.000000	625.000000	0.000000	581.395349	0.000000	624.989600	50.190639	50.133373	-0.003281	-0.000135	0.000579	-0.000279	0.000000	NaN	NaN	NaN	NaN	NaN	NaN	NaN
146.000000	625.000000	0.000000	588.235294	0.000000	624.989600	50.094757	50.177003	0.003222	0.000114	0.000836	-0.000298	0.000000	NaN	NaN	NaN	NaN	NaN	NaN	NaN
147.000000	625.000000	0.000000	595.238095	0.000000	624.989600	50.130932	50.118157	0.000313	-0.000083	0.000468	-0.000270	0.000000	NaN	NaN	NaN	NaN	NaN	NaN	NaN
148.000000	625.000000	0.000000	602.409639	0.000000	624.989600	50.130320	50.158141	0.015041	0.000161	0.000598	-0.000284	0.000000	NaN	NaN	NaN	NaN	NaN	NaN	NaN
149.000000	625.000000	0.000000	609.756098	0.000000	624.989600	50.085065	50.082414	0.018748	-0.000061	0.000541	-0.000280	0.000000	NaN	NaN	NaN	NaN	NaN	NaN	NaN
150.000000	625.000000	0.000000	617.283951	0.000000	624.989600	50.147105	50.179056	0.016283	-0.000121	0.000679	-0.000294	0.000000	NaN	NaN	NaN	NaN	NaN	NaN	NaN
151.000000	625.000000	0.000000	625.000000	0.000000	624.989600	50.171597	50.166023	0.016024	0.000019	0.000713	-0.000261	0.000000	NaN	NaN	NaN	NaN	NaN	NaN	NaN
152.000000	625.000000	0.000000	632.911392	0.000000	624.989600	50.170140	50.170399	0.003050	-0.000089	0.000773	-0.000272	0.000000	NaN	NaN	NaN	NaN	NaN	NaN	NaN
153.000000	625.000000	0.000000	641.025641	0.000000	624.989600	50.117050	50.180886	0.009642	0.000034	0.000669	-0.000254	0.000000	NaN	NaN	NaN	NaN	NaN	NaN	NaN
154.000000	625.000000	0.000000	649.350649	0.000000	624.989600	50.201924	50.209794	0.016359	0.000010	0.000669	-0.000266	0.000000	NaN	NaN	NaN	NaN	NaN	NaN	NaN
155.000000	625.000000	0.000000	657.894737	0.000000	624.989600	50.126862	50.145315	0.004817	-0.000099	0.000793	-0.000272	0.000000	NaN	NaN	NaN	NaN	NaN	NaN	NaN
156.000000	625.000000	0.000000	666.666667	0.000000	624.989600	50.084961	50.155420	0.003668	0.000032	0.000759	-0.000290	0.000000	NaN	NaN	NaN	NaN	NaN	NaN	NaN
157.000000	625.000000	0.000000	675.675676	0.000000	624.989600	50.166358	50.188714	0.003008	0.000211	0.000328	-0.000287	0.000000	NaN	NaN	NaN	NaN	NaN	NaN	NaN
158.000000	625.000000	0.000000	684.931507	0.000000	624.989600	50.121258	50.190959	0.001078	-0.000203	0.000627	-0.000290	0.000000	NaN	NaN	NaN	NaN	NaN	NaN	NaN
159.000000	625.000000	0.000000	694.444444	0.000000	624.989600	50.128593	50.123095	0.000130	0.000057	0.000652	-0.000264	0.000000	NaN	NaN	NaN	NaN	NaN	NaN	NaN
160.000000	625.000000	0.000000	704.225352	0.000000	624.989600	50.163523	50.172768	-0.002730	-0.000037	0.000578	-0.000289	0.000000	NaN	NaN	NaN	NaN	NaN	NaN	NaN
161.000000	625.000000	0.000000	714.285714	0.000000	624.989600	50.169299	50.184214	-0.003207	0.000011	0.000638	-0.000307	0.000000	NaN	NaN	NaN	NaN	NaN	NaN	NaN
162.000000	625.000000	0.000000	724.637681	0.000000	624.989600	50.109222	50.115274	-0.002867	0.000049	0.000616	-0.000283	0.000000	NaN	NaN	NaN	NaN	NaN	NaN	NaN
163.000000	625.000000	0.000000	735.294118	0.000000	624.989600	50.192300	50.158665	-0.005517	0.000039	0.001065	-0.000300	0.000000	NaN	NaN	NaN	NaN	NaN	NaN	NaN
164.000000	625.000000	0.000000	746.268657	0.000000	624.989600	50.201880	50.175686	-0.007638	-0.000069	0.000813	-0.000293	0.000000	NaN	NaN	NaN	NaN	NaN	NaN	NaN
165.000000	625.000000	0.000000	757.575758	0.000000	624.989600	50.182136	50.131228	-0.007058	-0.000227	0.000683	-0.000280	0.000000	NaN	NaN	NaN	NaN	NaN	NaN	NaN
166.000000	625.000000	0.000000	769.230769	0.000000	624.989600	50.168081	50.203346	-0.009035	-0.000151	0.000360	-0.000303	0.000000	NaN	NaN	NaN	NaN	NaN	NaN	NaN
167.000000	625.000000	0.000000	781.250000	0.000000	624.989600	50.150426	50.158411	-0.009540	-0.000160	0.000597	-0.000282	0.000000	NaN	NaN	NaN	NaN	NaN	NaN	NaN
168.000000	625.000000	0.000000	793.650794	0.000000	624.989600	50.130669	50.132712	-0.009040	-0.000078	0.000557	-0.000286	0.000000	NaN	NaN	NaN	NaN	NaN	NaN	NaN
169.000000	632.911392	0.000000	581.395349	0.000000	632.913600	50.124337	50.133784	-0.004716	-0.000072	0.000669	-0.000281	0.000000	NaN	NaN	NaN	NaN	NaN	NaN	NaN
170.000000	632.911392	0.000000	588.235294	0.000000	632.913600	50.161881	50.110701	-0.000142	0.000065	0.000647	-0.000294	0.000000	NaN	NaN	NaN	NaN	NaN	NaN	NaN
171.000000	632.911392	0.000000	595.238095	0.000000	632.913600	50.131343	50.185281	-0.003515	-0.000175	0.000502	-0.000286	0.000000	NaN	NaN	NaN	NaN	NaN	NaN	NaN
172.000000	632.911392	0.000000	602.409639	0.000000	632.913600	50.197444	50.158552	0.005744	0.000143	0.000640	-0.000303	0.000000	NaN	NaN	NaN	NaN	NaN	NaN	NaN
173.000000	632.911392	0.000000	609.756098	0.000000	632.913600	50.152189	50.149537	0.009659	0.000137	0.000727	-0.000288	0.000000	NaN	NaN	NaN	NaN	NaN	NaN	NaN
174.000000	632.911392	0.000000	617.283951	0.000000	632.913600	50.080803	50.112754	0.006234	0.000031	0.000566	-0.000300	0.000000	NaN	NaN	NaN	NaN	NaN	NaN	NaN
175.000000	632.911392	0.000000	625.000000	0.000000	632.913600	50.105295	50.166434	0.012189	-0.000105	0.000611	-0.000310	0.000000	NaN	NaN	NaN	NaN	NaN	NaN	NaN
176.000000	632.911392	0.000000	632.911392	0.000000	632.913600	50.103839	50.104097	0.005440	-0.000110	0.000468	-0.000293	0.000000	NaN	NaN	NaN	NaN	NaN	NaN	NaN
177.000000	632.911392	0.000000	641.025641	0.000000	632.913600	50.184174	50.114584	0.007902	0.000021	0.000568	-0.000284	0.000000	NaN	NaN	NaN	NaN	NaN	NaN	NaN
178.000000	632.911392	0.000000	649.350649	0.000000	632.913600	50.135622	50.143492	0.013558	0.000186	0.000635	-0.000309	0.000000	NaN	NaN	NaN	NaN	NaN	NaN	NaN
179.000000	632.911392	0.000000	657.894737	0.000000	632.913600	50.193986	50.079013	0.003284	-0.000002	0.000411	-0.000267	0.000000	NaN	NaN	NaN	NaN	NaN	NaN	NaN
180.000000	632.911392	0.000000	666.666667	0.000000	632.913600	50.152085	50.222544	0.002309	0.000038	0.000525	-0.000278	0.000000	NaN	NaN	NaN	NaN	NaN	NaN	NaN
181.000000	632.911392	0.000000	675.675676	0.000000	632.913600	50.100056	50.122412	0.001132	0.000006	0.000276	-0.000299	0.000000	NaN	NaN	NaN	NaN	NaN	NaN	NaN
182.000000	632.911392	0.000000	684.931507	0.000000	632.913600	50.188382	50.124658	-0.000586	0.000006	0.000675	-0.000280	0.000000	NaN	NaN	NaN	NaN	NaN	NaN	NaN
183.000000	632.911392	0.000000	694.444444	0.000000	632.913600	50.195717	50.190219	-0.000578	-0.000109	0.000586	-0.000288	0.000000	NaN	NaN	NaN	NaN	NaN	NaN	NaN
184.000000	632.911392	0.000000	704.225352	0.000000	632.913600	50.097222	50.106467	-0.005112	-0.000032	0.000703	-0.000303	0.000000	NaN	NaN	NaN	NaN	NaN	NaN	NaN
185.000000	632.911392	0.000000	714.285714	0.000000	632.913600	50.102997	50.117912	-0.003814	0.000100	0.000753	-0.000287	0.000000	NaN	NaN	NaN	NaN	NaN	NaN	NaN
186.000000	632.911392	0.000000	724.637681	0.000000	632.913600	50.176346	50.182398	-0.004388	-0.000060	0.000464	-0.000274	0.000000	NaN	NaN	NaN	NaN	NaN	NaN	NaN
187.000000	632.911392	0.000000	735.294118	0.000000	632.913600	50.125998	50.092363	-0.007200	-0.000083	0.000504	-0.000285	0.000000	NaN	NaN	NaN	NaN	NaN	NaN	NaN
188.000000	632.911392	0.000000	746.268657	0.000000	632.913600	50.135578	50.109384	-0.008241	-0.000160	0.000758	-0.000281	0.000000	NaN	NaN	NaN	NaN	NaN	NaN	NaN
189.000000	632.911392	0.000000	757.575758	0.000000	632.913600	50.115834	50.198352	-0.008202	-0.000014	0.000768	-0.000276	0.000000	NaN	NaN	NaN	NaN	NaN	NaN	NaN
190.000000	632.911392	0.000000	769.230769	0.000000	632.913600	50.101779	50.137044	-0.009714	0.000043	0.000673	-0.000271	0.000000	NaN	NaN	NaN	NaN	NaN	NaN	NaN
191.000000	632.911392	0.000000	781.250000	0.000000	632.913600	50.217550	50.225535	-0.008883	0.000206	0.000423	-0.000277	0.000000	NaN	NaN	NaN	NaN	NaN	NaN	NaN
192.000000	632.911392	0.000000	793.650794	0.000000	632.913600	50.064367	50.199836	-0.009979	0.000117	0.000441	-0.000296	0.000000	NaN	NaN	NaN	NaN	NaN	NaN	NaN
193.000000	641.025641	0.000000	581.395349	0.000000	641.042300	50.099959	50.109406	-0.003596	0.000010	0.000553	-0.000290	0.000000	NaN	NaN	NaN	NaN	NaN	NaN	NaN
194.000000	641.025641	0.000000	588.235294	0.000000	641.042300	50.137502	50.153036	0.001095	0.000098	0.000474	-0.000276	0.000000	NaN	NaN	NaN	NaN	NaN	NaN	NaN
195.000000	641.025641	0.000000	595.238095	0.000000	641.042300	50.106965	50.160902	-0.003879	-0.000046	0.000664	-0.000282	0.000000	NaN	NaN	NaN	NaN	NaN	NaN	NaN
196.000000	641.025641	0.000000	602.409639	0.000000	641.042300	50.173066	50.134174	0.005505	0.000063	0.000782	-0.000282	0.000000	NaN	NaN	NaN	NaN	NaN	NaN	NaN
197.000000	641.025641	0.000000	609.756098	0.000000	641.042300	50.127811	50.125159	0.012157	-0.000086	0.000761	-0.000283	0.000000	NaN	NaN	NaN	NaN	NaN	NaN	NaN
198.000000	641.025641	0.000000	617.283951	0.000000	641.042300	50.189851	50.088376	0.010039	-0.000259	0.000753	-0.000269	0.000000	NaN	NaN	NaN	NaN	NaN	NaN	NaN
199.000000	641.025641	0.000000	625.000000	0.000000	641.042300	50.147630	50.142056	0.017249	-0.000048	0.000553	-0.000280	0.000000	NaN	NaN	NaN	NaN	NaN	NaN	NaN
200.000000	641.025641	0.000000	632.911392	0.000000	641.042300	50.079461	50.079719	0.014839	0.000068	0.000846	-0.000303	0.000000	NaN	NaN	NaN	NaN	NaN	NaN	NaN
201.000000	641.025641	0.000000	641.025641	0.000000	641.042300	50.159796	50.090206	0.026376	0.000018	0.000701	-0.000294	0.000000	NaN	NaN	NaN	NaN	NaN	NaN	NaN
202.000000	641.025641	0.000000	649.350649	0.000000	641.042300	50.111244	50.119114	0.023908	-0.000050	0.000500	-0.000283	0.000000	NaN	NaN	NaN	NaN	NaN	NaN	NaN
203.000000	641.025641	0.000000	657.894737	0.000000	641.042300	50.169608	50.188061	0.009260	0.000139	0.000517	-0.000305	0.000000	NaN	NaN	NaN	NaN	NaN	NaN	NaN
204.000000	641.025641	0.000000	666.666667	0.000000	641.042300	50.127707	50.131453	0.008051	0.000101	0.000599	-0.000293	0.000000	NaN	NaN	NaN	NaN	NaN	NaN	NaN
205.000000	641.025641	0.000000	675.675676	0.000000	641.042300	50.075678	50.098034	0.007536	0.000075	0.000785	-0.000286	0.000000	NaN	NaN	NaN	NaN	NaN	NaN	NaN
206.000000	641.025641	0.000000	684.931507	0.000000	641.042300	50.164004	50.100280	0.003607	-0.000116	0.000578	-0.000276	0.000000	NaN	NaN	NaN	NaN	NaN	NaN	NaN
207.000000	641.025641	0.000000	694.444444	0.000000	641.042300	50.171339	50.099128	0.001604	-0.000122	0.000594	-0.000289	0.000000	NaN	NaN	NaN	NaN	NaN	NaN	NaN
208.000000	641.025641	0.000000	704.225352	0.000000	641.042300	50.206269	50.082088	0.001225	0.000062	0.000726	-0.000291	0.000000	NaN	NaN	NaN	NaN	NaN	NaN	NaN
209.000000	641.025641	0.000000	714.285714	0.000000	641.042300	50.078619	50.226960	-0.000118	-0.000063	0.000560	-0.000274	0.000000	NaN	NaN	NaN	NaN	NaN	NaN	NaN
210.000000	641.025641	0.000000	724.637681	0.000000	641.042300	50.151968	50.158020	-0.000878	-0.000039	0.000779	-0.000267	0.000000	NaN	NaN	NaN	NaN	NaN	NaN	NaN
211.000000	641.025641	0.000000	735.294118	0.000000	641.042300	50.235046	50.201410	-0.004569	0.000127	0.000767	-0.000275	0.000000	NaN	NaN	NaN	NaN	NaN	NaN	NaN
212.000000	641.025641	0.000000	746.268657	0.000000	641.042300	50.111200	50.085006	-0.006790	0.000065	0.000586	-0.000271	0.000000	NaN	NaN	NaN	NaN	NaN	NaN	NaN
213.000000	641.025641	0.000000	757.575758	0.000000	641.042300	50.224882	50.107262	-0.007048	0.000030	0.000572	-0.000278	0.000000	NaN	NaN	NaN	NaN	NaN	NaN	NaN
214.000000	641.025641	0.000000	769.230769	0.000000	641.042300	50.077401	50.112666	-0.008221	0.000002	0.000532	-0.000291	0.000000	NaN	NaN	NaN	NaN	NaN	NaN	NaN
215.000000	641.025641	0.000000	781.250000	0.000000	641.042300	50.193172	50.134444	-0.009087	-0.000018	0.000639	-0.000257	0.000000	NaN	NaN	NaN	NaN	NaN	NaN	NaN
216.000000	641.025641	0.000000	793.650794	0.000000	641.042300	50.173415	50.175458	-0.008499	-0.000109	0.000588	-0.000283	0.000000	NaN	NaN	NaN	NaN	NaN	NaN	NaN
217.000000	649.350649	0.000000	581.395349	0.000000	649.375900	50.162330	50.171777	-0.004275	-0.000031	0.000628	-0.000282	0.000000	NaN	NaN	NaN	NaN	NaN	NaN	NaN
218.000000	649.350649	0.000000	588.235294	0.000000	649.375900	50.199874	50.081982	-0.001342	0.000035	0.000678	-0.000286	0.000000	NaN	NaN	NaN	NaN	NaN	NaN	NaN
219.000000	649.350649	0.000000	595.238095	0.000000	649.375900	50.169336	50.089848	-0.005083	-0.000083	0.000392	-0.000299	0.000000	NaN	NaN	NaN	NaN	NaN	NaN	NaN
220.000000	649.350649	0.000000	602.409639	0.000000	649.375900	50.102011	50.063119	0.005232	-0.000034	0.000725	-0.000287	0.000000	NaN	NaN	NaN	NaN	NaN	NaN	NaN
221.000000	649.350649	0.000000	609.756098	0.000000	649.375900	50.190182	50.187530	0.011930	-0.000206	0.000484	-0.000274	0.000000	NaN	NaN	NaN	NaN	NaN	NaN	NaN
222.000000	649.350649	0.000000	617.283951	0.000000	649.375900	50.118796	50.150747	0.010779	0.000003	0.000729	-0.000270	0.000000	NaN	NaN	NaN	NaN	NaN	NaN	NaN
223.000000	649.350649	0.000000	625.000000	0.000000	649.375900	50.143288	50.071001	0.017276	-0.000027	0.000651	-0.000269	0.000000	NaN	NaN	NaN	NaN	NaN	NaN	NaN
224.000000	649.350649	0.000000	632.911392	0.000000	649.375900	50.141832	50.142090	0.012681	-0.000026	0.000545	-0.000291	0.000000	NaN	NaN	NaN	NaN	NaN	NaN	NaN
225.000000	649.350649	0.000000	641.025641	0.000000	649.375900	50.222167	50.152577	0.035345	0.000227	0.000625	-0.000299	0.000000	NaN	NaN	NaN	NaN	NaN	NaN	NaN
226.000000	649.350649	0.000000	649.350649	0.000000	649.375900	50.173615	50.114772	0.051748	-0.000039	0.000609	-0.000279	0.000000	NaN	NaN	NaN	NaN	NaN	NaN	NaN
227.000000	649.350649	0.000000	657.894737	0.000000	649.375900	50.098553	50.117006	0.018698	-0.000090	0.000483	-0.000268	0.000000	NaN	NaN	NaN	NaN	NaN	NaN	NaN
228.000000	649.350649	0.000000	666.666667	0.000000	649.375900	50.190078	50.127112	0.013458	-0.000032	0.001022	-0.000259	0.000000	NaN	NaN	NaN	NaN	NaN	NaN	NaN
229.000000	649.350649	0.000000	675.675676	0.000000	649.375900	50.138049	50.160405	0.014309	-0.000023	0.000844	-0.000270	0.000000	NaN	NaN	NaN	NaN	NaN	NaN	NaN
230.000000	649.350649	0.000000	684.931507	0.000000	649.375900	50.092949	50.162651	0.011056	-0.000065	0.000789	-0.000280	0.000000	NaN	NaN	NaN	NaN	NaN	NaN	NaN
231.000000	649.350649	0.000000	694.444444	0.000000	649.375900	50.100284	50.161499	0.008554	-0.000212	0.000439	-0.000273	0.000000	NaN	NaN	NaN	NaN	NaN	NaN	NaN
232.000000	649.350649	0.000000	704.225352	0.000000	649.375900	50.135215	50.144460	0.007609	-0.000031	0.000472	-0.000294	0.000000	NaN	NaN	NaN	NaN	NaN	NaN	NaN
233.000000	649.350649	0.000000	714.285714	0.000000	649.375900	50.140990	50.155905	0.006924	-0.000395	0.000570	-0.000287	0.000000	NaN	NaN	NaN	NaN	NaN	NaN	NaN
234.000000	649.350649	0.000000	724.637681	0.000000	649.375900	50.214339	50.153678	0.006123	0.000054	0.000609	-0.000296	0.000000	NaN	NaN	NaN	NaN	NaN	NaN	NaN
235.000000	649.350649	0.000000	735.294118	0.000000	649.375900	50.163991	50.130356	-0.000485	-0.000039	0.000552	-0.000285	0.000000	NaN	NaN	NaN	NaN	NaN	NaN	NaN
236.000000	649.350649	0.000000	746.268657	0.000000	649.375900	50.173571	50.147377	-0.004099	-0.000070	0.000487	-0.000288	0.000000	NaN	NaN	NaN	NaN	NaN	NaN	NaN
237.000000	649.350649	0.000000	757.575758	0.000000	649.375900	50.153827	50.169633	-0.004526	-0.000110	0.000669	-0.000282	0.000000	NaN	NaN	NaN	NaN	NaN	NaN	NaN
238.000000	649.350649	0.000000	769.230769	0.000000	649.375900	50.139772	50.175037	-0.006004	0.000018	0.000456	-0.000293	0.000000	NaN	NaN	NaN	NaN	NaN	NaN	NaN
239.000000	649.350649	0.000000	781.250000	0.000000	649.375900	50.122117	50.130102	-0.007151	-0.000023	0.000557	-0.000307	0.000000	NaN	NaN	NaN	NaN	NaN	NaN	NaN
240.000000	649.350649	0.000000	793.650794	0.000000	649.375900	50.102360	50.104403	-0.007477	-0.000240	0.000617	-0.000305	0.000000	NaN	NaN	NaN	NaN	NaN	NaN	NaN
241.000000	657.894737	0.000000	581.395349	0.000000	657.913600	50.144867	50.154314	-0.007269	-0.000068	0.000479	-0.000284	0.000000	NaN	NaN	NaN	NaN	NaN	NaN	NaN
242.000000	657.894737	0.000000	588.235294	0.000000	657.913600	50.182411	50.197944	-0.005190	-0.000240	0.000629	-0.000286	0.000000	NaN	NaN	NaN	NaN	NaN	NaN	NaN
243.000000	657.894737	0.000000	595.238095	0.000000	657.913600	50.151873	50.205811	-0.007455	-0.000078	0.000913	-0.000288	0.000000	NaN	NaN	NaN	NaN	NaN	NaN	NaN
244.000000	657.894737	0.000000	602.409639	0.000000	657.913600	50.151261	50.179082	-0.003210	0.000156	0.000686	-0.000298	0.000000	NaN	NaN	NaN	NaN	NaN	NaN	NaN
245.000000	657.894737	0.000000	609.756098	0.000000	657.913600	50.172720	50.170068	0.000314	-0.000145	0.000336	-0.000258	0.000000	NaN	NaN	NaN	NaN	NaN	NaN	NaN
246.000000	657.894737	0.000000	617.283951	0.000000	657.913600	50.101333	50.133284	-0.000520	0.000061	0.000742	-0.000291	0.000000	NaN	NaN	NaN	NaN	NaN	NaN	NaN
247.000000	657.894737	0.000000	625.000000	0.000000	657.913600	50.192538	50.186964	0.001258	-0.000027	0.000823	-0.000286	0.000000	NaN	NaN	NaN	NaN	NaN	NaN	NaN
248.000000	657.894737	0.000000	632.911392	0.000000	657.913600	50.124369	50.124628	-0.002730	0.000261	0.000693	-0.000295	0.000000	NaN	NaN	NaN	NaN	NaN	NaN	NaN
249.000000	657.894737	0.000000	641.025641	0.000000	657.913600	50.137991	50.135114	0.007367	0.000024	0.000404	-0.000266	0.000000	NaN	NaN	NaN	NaN	NaN	NaN	NaN
250.000000	657.894737	0.000000	649.350649	0.000000	657.913600	50.089439	50.097309	0.023558	-0.000016	0.000874	-0.000274	0.000000	NaN	NaN	NaN	NaN	NaN	NaN	NaN
251.000000	657.894737	0.000000	657.894737	0.000000	657.913600	50.214516	50.166256	0.017487	-0.000136	0.000560	-0.000303	0.000000	NaN	NaN	NaN	NaN	NaN	NaN	NaN
252.000000	657.894737	0.000000	666.666667	0.000000	657.913600	50.172615	50.176362	0.008475	-0.000247	0.000787	-0.000282	0.000000	NaN	NaN	NaN	NaN	NaN	NaN	NaN
253.000000	657.894737	0.000000	675.675676	0.000000	657.913600	50.120586	50.142942	0.007079	0.000158	0.000741	-0.000282	0.000000	NaN	NaN	NaN	NaN	NaN	NaN	NaN
254.000000	657.894737	0.000000	684.931507	0.000000	657.913600	50.208912	50.145188	0.001948	0.000103	0.000761	-0.000307	0.000000	NaN	NaN	NaN	NaN	NaN	NaN	NaN
255.000000	657.894737	0.000000	694.444444	0.000000	657.913600	50.216247	50.144037	0.001887	0.000095	0.000824	-0.000279	0.000000	NaN	NaN	NaN	NaN	NaN	NaN	NaN
256.000000	657.894737	0.000000	704.225352	0.000000	657.913600	50.117752	50.126997	0.000235	-0.000038	0.000618	-0.000276	0.000000	NaN	NaN	NaN	NaN	NaN	NaN	NaN
257.000000	657.894737	0.000000	714.285714	0.000000	657.913600	50.123527	50.138442	-0.001379	0.000210	0.000628	-0.000311	0.000000	NaN	NaN	NaN	NaN	NaN	NaN	NaN
258.000000	657.894737	0.000000	724.637681	0.000000	657.913600	50.196876	50.136215	-0.001519	-0.000012	0.000593	-0.000280	0.000000	NaN	NaN	NaN	NaN	NaN	NaN	NaN
259.000000	657.894737	0.000000	735.294118	0.000000	657.913600	50.146528	50.112893	-0.005628	-0.000336	0.000622	-0.000291	0.000000	NaN	NaN	NaN	NaN	NaN	NaN	NaN
260.000000	657.894737	0.000000	746.268657	0.000000	657.913600	50.089396	50.129914	-0.006563	-0.000128	0.000499	-0.000282	0.000000	NaN	NaN	NaN	NaN	NaN	NaN	NaN
261.000000	657.894737	0.000000	757.575758	0.000000	657.913600	50.136364	50.152170	-0.007221	-0.000019	0.000461	-0.000307	0.000000	NaN	NaN	NaN	NaN	NaN	NaN	NaN
262.000000	657.894737	0.000000	769.230769	0.000000	657.913600	50.122310	50.090861	-0.007824	-0.000035	0.000602	-0.000290	0.000000	NaN	NaN	NaN	NaN	NaN	NaN	NaN
263.000000	657.894737	0.000000	781.250000	0.000000	657.913600	50.171367	50.179352	-0.008300	-0.000218	0.000583	-0.000284	0.000000	NaN	NaN	NaN	NaN	NaN	NaN	NaN
264.000000	657.894737	0.000000	793.650794	0.000000	657.913600	50.084898	50.153653	-0.007267	-0.000040	0.000629	-0.000284	0.000000	NaN	NaN	NaN	NaN	NaN	NaN	NaN
265.000000	666.666667	0.000000	581.395349	0.000000	666.656200	50.157672	50.100406	-0.007560	0.000076	0.000644	-0.000288	0.000000	NaN	NaN	NaN	NaN	NaN	NaN	NaN
266.000000	666.666667	0.000000	588.235294	0.000000	666.656200	50.061789	50.144036	-0.006737	0.000072	0.000671	-0.000277	0.000000	NaN	NaN	NaN	NaN	NaN	NaN	NaN
267.000000	666.666667	0.000000	595.238095	0.000000	666.656200	50.097964	50.151902	-0.007917	0.000057	0.000506	-0.000301	0.000000	NaN	NaN	NaN	NaN	NaN	NaN	NaN
268.000000	666.666667	0.000000	602.409639	0.000000	666.656200	50.097352	50.125173	-0.004141	0.000003	0.000580	-0.000307	0.000000	NaN	NaN	NaN	NaN	NaN	NaN	NaN
269.000000	666.666667	0.000000	609.756098	0.000000	666.656200	50.118811	50.116159	-0.003194	-0.000034	0.000761	-0.000291	0.000000	NaN	NaN	NaN	NaN	NaN	NaN	NaN
270.000000	666.666667	0.000000	617.283951	0.000000	666.656200	50.180850	50.212801	-0.005294	0.000186	0.000507	-0.000294	0.000000	NaN	NaN	NaN	NaN	NaN	NaN	NaN
271.000000	666.666667	0.000000	625.000000	0.000000	666.656200	50.138629	50.133055	-0.003120	0.000091	0.000685	-0.000282	0.000000	NaN	NaN	NaN	NaN	NaN	NaN	NaN
272.000000	666.666667	0.000000	632.911392	0.000000	666.656200	50.203886	50.204144	-0.003222	-0.000044	0.000496	-0.000282	0.000000	NaN	NaN	NaN	NaN	NaN	NaN	NaN
273.000000	666.666667	0.000000	641.025641	0.000000	666.656200	50.084083	50.214631	0.000325	-0.000061	0.000623	-0.000287	0.000000	NaN	NaN	NaN	NaN	NaN	NaN	NaN
274.000000	666.666667	0.000000	649.350649	0.000000	666.656200	50.168956	50.176826	0.007227	-0.000085	0.001103	-0.000264	0.000000	NaN	NaN	NaN	NaN	NaN	NaN	NaN
275.000000	666.666667	0.000000	657.894737	0.000000	666.656200	50.093895	50.112347	0.012701	-0.000104	0.000626	-0.000298	0.000000	NaN	NaN	NaN	NaN	NaN	NaN	NaN
276.000000	666.666667	0.000000	666.666667	0.000000	666.656200	50.185419	50.122453	0.014287	-0.000203	0.000546	-0.000298	0.000000	NaN	NaN	NaN	NaN	NaN	NaN	NaN
277.000000	666.666667	0.000000	675.675676	0.000000	666.656200	50.200103	50.155746	0.007146	0.000076	0.000503	-0.000279	0.000000	NaN	NaN	NaN	NaN	NaN	NaN	NaN
278.000000	666.666667	0.000000	684.931507	0.000000	666.656200	50.155003	50.157992	0.003340	0.000061	0.000574	-0.000274	0.000000	NaN	NaN	NaN	NaN	NaN	NaN	NaN
279.000000	666.666667	0.000000	694.444444	0.000000	666.656200	50.028913	50.090128	0.002170	0.000014	0.000443	-0.000291	0.000000	NaN	NaN	NaN	NaN	NaN	NaN	NaN
280.000000	666.666667	0.000000	704.225352	0.000000	666.656200	50.130556	50.206514	0.000990	0.000148	0.000723	-0.000270	0.000000	NaN	NaN	NaN	NaN	NaN	NaN	NaN
281.000000	666.666667	0.000000	714.285714	0.000000	666.656200	50.203044	50.151246	-0.001064	-0.000131	0.000799	-0.000310	0.000000	NaN	NaN	NaN	NaN	NaN	NaN	NaN
282.000000	666.666667	0.000000	724.637681	0.000000	666.656200	50.142967	50.082306	-0.001721	0.000006	0.000325	-0.000277	0.000000	NaN	NaN	NaN	NaN	NaN	NaN	NaN
283.000000	666.666667	0.000000	735.294118	0.000000	666.656200	50.159332	50.125697	-0.005418	0.000002	0.000497	-0.000258	0.000000	NaN	NaN	NaN	NaN	NaN	NaN	NaN
284.000000	666.666667	0.000000	746.268657	0.000000	666.656200	50.168913	50.209431	-0.007036	0.000137	0.000759	-0.000299	0.000000	NaN	NaN	NaN	NaN	NaN	NaN	NaN
285.000000	666.666667	0.000000	757.575758	0.000000	666.656200	50.149168	50.098261	-0.006892	0.000233	0.000841	-0.000302	0.000000	NaN	NaN	NaN	NaN	NaN	NaN	NaN
286.000000	666.666667	0.000000	769.230769	0.000000	666.656200	50.201826	50.170378	-0.007903	0.000031	0.000672	-0.000287	0.000000	NaN	NaN	NaN	NaN	NaN	NaN	NaN
287.000000	666.666667	0.000000	781.250000	0.000000	666.656200	50.117458	50.125444	-0.007795	-0.000001	0.000330	-0.000277	0.000000	NaN	NaN	NaN	NaN	NaN	NaN	NaN
288.000000	666.666667	0.000000	793.650794	0.000000	666.656200	50.164415	50.099744	-0.008920	-0.000212	0.000694	-0.000272	0.000000	NaN	NaN	NaN	NaN	NaN	NaN	NaN
289.000000	675.675676	0.000000	581.395349	0.000000	675.705900	50.150562	50.093296	-0.007949	-0.000034	0.000528	-0.000291	0.000000	NaN	NaN	NaN	NaN	NaN	NaN	NaN
290.000000	675.675676	0.000000	588.235294	0.000000	675.705900	50.121392	50.136926	-0.005679	0.000079	0.000452	-0.000274	0.000000	NaN	NaN	NaN	NaN	NaN	NaN	NaN
291.000000	675.675676	0.000000	595.238095	0.000000	675.705900	50.090854	50.144792	-0.008471	0.000200	0.000442	-0.000273	0.000000	NaN	NaN	NaN	NaN	NaN	NaN	NaN
292.000000	675.675676	0.000000	602.409639	0.000000	675.705900	50.090243	50.118064	-0.007212	-0.000221	0.000614	-0.000288	0.000000	NaN	NaN	NaN	NaN	NaN	NaN	NaN
293.000000	675.675676	0.000000	609.756098	0.000000	675.705900	50.111701	50.109049	-0.005514	-0.000114	0.000679	-0.000285	0.000000	NaN	NaN	NaN	NaN	NaN	NaN	NaN
294.000000	675.675676	0.000000	617.283951	0.000000	675.705900	50.173741	50.205692	-0.006691	-0.000008	0.000867	-0.000310	0.000000	NaN	NaN	NaN	NaN	NaN	NaN	NaN
295.000000	675.675676	0.000000	625.000000	0.000000	675.705900	50.131520	50.125946	-0.004896	-0.000210	0.000443	-0.000303	0.000000	NaN	NaN	NaN	NaN	NaN	NaN	NaN
296.000000	675.675676	0.000000	632.911392	0.000000	675.705900	50.196776	50.197035	-0.005987	0.000039	0.000577	-0.000298	0.000000	NaN	NaN	NaN	NaN	NaN	NaN	NaN
297.000000	675.675676	0.000000	641.025641	0.000000	675.705900	50.076973	50.207522	-0.001452	0.000304	0.000574	-0.000290	0.000000	NaN	NaN	NaN	NaN	NaN	NaN	NaN
298.000000	675.675676	0.000000	649.350649	0.000000	675.705900	50.161847	50.169716	0.001885	0.000119	0.000524	-0.000279	0.000000	NaN	NaN	NaN	NaN	NaN	NaN	NaN
299.000000	675.675676	0.000000	657.894737	0.000000	675.705900	50.153498	50.105238	0.001004	0.000174	0.000403	-0.000269	0.000000	NaN	NaN	NaN	NaN	NaN	NaN	NaN
300.000000	675.675676	0.000000	666.666667	0.000000	675.705900	50.178310	50.115343	0.009074	0.000021	0.000716	-0.000292	0.000000	NaN	NaN	NaN	NaN	NaN	NaN	NaN
301.000000	675.675676	0.000000	675.675676	0.000000	675.705900	50.192993	50.215350	0.011851	-0.000142	0.000480	-0.000286	0.000000	NaN	NaN	NaN	NaN	NaN	NaN	NaN
302.000000	675.675676	0.000000	684.931507	0.000000	675.705900	50.147894	50.217595	0.005239	-0.000004	0.000633	-0.000301	0.000000	NaN	NaN	NaN	NaN	NaN	NaN	NaN
303.000000	675.675676	0.000000	694.444444	0.000000	675.705900	50.155228	50.083018	0.001619	-0.000060	0.000616	-0.000277	0.000000	NaN	NaN	NaN	NaN	NaN	NaN	NaN
304.000000	675.675676	0.000000	704.225352	0.000000	675.705900	50.123446	50.199404	-0.001588	0.000174	0.000738	-0.000267	0.000000	NaN	NaN	NaN	NaN	NaN	NaN	NaN
305.000000	675.675676	0.000000	714.285714	0.000000	675.705900	50.195934	50.144137	-0.001891	-0.000055	0.000624	-0.000280	0.000000	NaN	NaN	NaN	NaN	NaN	NaN	NaN
306.000000	675.675676	0.000000	724.637681	0.000000	675.705900	50.135858	50.208622	-0.003625	-0.000079	0.000596	-0.000266	0.000000	NaN	NaN	NaN	NaN	NaN	NaN	NaN
307.000000	675.675676	0.000000	735.294118	0.000000	675.705900	50.152223	50.118587	-0.005894	0.000068	0.000591	-0.000285	0.000000	NaN	NaN	NaN	NaN	NaN	NaN	NaN
308.000000	675.675676	0.000000	746.268657	0.000000	675.705900	50.161803	50.202322	-0.008110	-0.000191	0.000727	-0.000262	0.000000	NaN	NaN	NaN	NaN	NaN	NaN	NaN
309.000000	675.675676	0.000000	757.575758	0.000000	675.705900	50.142059	50.091151	-0.008904	-0.000090	0.000553	-0.000297	0.000000	NaN	NaN	NaN	NaN	NaN	NaN	NaN
310.000000	675.675676	0.000000	769.230769	0.000000	675.705900	50.194717	50.163269	-0.008209	0.000024	0.000672	-0.000270	0.000000	NaN	NaN	NaN	NaN	NaN	NaN	NaN
311.000000	675.675676	0.000000	781.250000	0.000000	675.705900	50.110349	50.118334	-0.008658	0.000124	0.000542	-0.000260	0.000000	NaN	NaN	NaN	NaN	NaN	NaN	NaN
312.000000	675.675676	0.000000	793.650794	0.000000	675.705900	50.157305	50.092635	-0.008383	0.000056	0.000733	-0.000278	0.000000	NaN	NaN	NaN	NaN	NaN	NaN	NaN
313.000000	684.931507	0.000000	581.395349	0.000000	684.959800	50.123716	50.133163	-0.008227	0.000050	0.000704	-0.000284	0.000000	NaN	NaN	NaN	NaN	NaN	NaN	NaN
314.000000	684.931507	0.000000	588.235294	0.000000	684.959800	50.161260	50.110080	-0.005344	0.000109	0.000567	-0.000261	0.000000	NaN	NaN	NaN	NaN	NaN	NaN	NaN
315.000000	684.931507	0.000000	595.238095	0.000000	684.959800	50.130722	50.184660	-0.006664	-0.000112	0.000696	-0.000284	0.000000	NaN	NaN	NaN	NaN	NaN	NaN	NaN
316.000000	684.931507	0.000000	602.409639	0.000000	684.959800	50.196823	50.224644	-0.004771	-0.000059	0.000826	-0.000251	0.000000	NaN	NaN	NaN	NaN	NaN	NaN	NaN
317.000000	684.931507	0.000000	609.756098	0.000000	684.959800	50.151568	50.148916	-0.004971	-0.000131	0.000707	-0.000305	0.000000	NaN	NaN	NaN	NaN	NaN	NaN	NaN
318.000000	684.931507	0.000000	617.283951	0.000000	684.959800	50.080182	50.112133	-0.005265	0.000006	0.000489	-0.000252	0.000000	NaN	NaN	NaN	NaN	NaN	NaN	NaN
319.000000	684.931507	0.000000	625.000000	0.000000	684.959800	50.104674	50.165813	-0.005492	-0.000090	0.000574	-0.000299	0.000000	NaN	NaN	NaN	NaN	NaN	NaN	NaN
320.000000	684.931507	0.000000	632.911392	0.000000	684.959800	50.103218	50.103476	-0.005401	-0.000129	0.000601	-0.000282	0.000000	NaN	NaN	NaN	NaN	NaN	NaN	NaN
321.000000	684.931507	0.000000	641.025641	0.000000	684.959800	50.183553	50.113963	-0.000785	0.000094	0.000664	-0.000292	0.000000	NaN	NaN	NaN	NaN	NaN	NaN	NaN
322.000000	684.931507	0.000000	649.350649	0.000000	684.959800	50.135001	50.142871	0.002460	0.000104	0.000822	-0.000306	0.000000	NaN	NaN	NaN	NaN	NaN	NaN	NaN
323.000000	684.931507	0.000000	657.894737	0.000000	684.959800	50.193365	50.078392	0.000384	-0.000218	0.000776	-0.000295	0.000000	NaN	NaN	NaN	NaN	NaN	NaN	NaN
324.000000	684.931507	0.000000	666.666667	0.000000	684.959800	50.151464	50.221923	0.002638	0.000037	0.000840	-0.000278	0.000000	NaN	NaN	NaN	NaN	NaN	NaN	NaN
325.000000	684.931507	0.000000	675.675676	0.000000	684.959800	50.099435	50.121791	0.010949	-0.000268	0.000591	-0.000300	0.000000	NaN	NaN	NaN	NaN	NaN	NaN	NaN
326.000000	684.931507	0.000000	684.931507	0.000000	684.959800	50.187761	50.124037	0.009529	-0.000072	0.000568	-0.000295	0.000000	NaN	NaN	NaN	NaN	NaN	NaN	NaN
327.000000	684.931507	0.000000	694.444444	0.000000	684.959800	50.061670	50.189598	0.003814	0.000052	0.000845	-0.000265	0.000000	NaN	NaN	NaN	NaN	NaN	NaN	NaN
328.000000	684.931507	0.000000	704.225352	0.000000	684.959800	50.096601	50.105846	0.001641	-0.000058	0.000535	-0.000285	0.000000	NaN	NaN	NaN	NaN	NaN	NaN	NaN
329.000000	684.931507	0.000000	714.285714	0.000000	684.959800	50.169089	50.117291	-0.000634	-0.000067	0.000567	-0.000280	0.000000	NaN	NaN	NaN	NaN	NaN	NaN	NaN
330.000000	684.931507	0.000000	724.637681	0.000000	684.959800	50.175725	50.181777	-0.001851	-0.000072	0.000676	-0.000275	0.000000	NaN	NaN	NaN	NaN	NaN	NaN	NaN
331.000000	684.931507	0.000000	735.294118	0.000000	684.959800	50.125377	50.091742	-0.004680	0.000053	0.000470	-0.000281	0.000000	NaN	NaN	NaN	NaN	NaN	NaN	NaN
332.000000	684.931507	0.000000	746.268657	0.000000	684.959800	50.134958	50.108763	-0.007214	-0.000042	0.000658	-0.000290	0.000000	NaN	NaN	NaN	NaN	NaN	NaN	NaN
333.000000	684.931507	0.000000	757.575758	0.000000	684.959800	50.115213	50.197731	-0.006874	-0.000111	0.000784	-0.000273	0.000000	NaN	NaN	NaN	NaN	NaN	NaN	NaN
334.000000	684.931507	0.000000	769.230769	0.000000	684.959800	50.101158	50.136423	-0.006950	-0.000012	0.000785	-0.000292	0.000000	NaN	NaN	NaN	NaN	NaN	NaN	NaN
335.000000	684.931507	0.000000	781.250000	0.000000	684.959800	50.216929	50.224914	-0.007973	-0.000106	0.000816	-0.000275	0.000000	NaN	NaN	NaN	NaN	NaN	NaN	NaN
336.000000	684.931507	0.000000	793.650794	0.000000	684.959800	50.063747	50.199215	-0.008129	0.000210	0.000672	-0.000290	0.000000	NaN	NaN	NaN	NaN	NaN	NaN	NaN
337.000000	694.444444	0.000000	581.395349	0.000000	694.417800	50.118874	50.128321	-0.005856	-0.000232	0.000847	-0.000299	0.000000	NaN	NaN	NaN	NaN	NaN	NaN	NaN
338.000000	694.444444	0.000000	588.235294	0.000000	694.417800	50.089704	50.171951	-0.003749	0.000010	0.000406	-0.000279	0.000000	NaN	NaN	NaN	NaN	NaN	NaN	NaN
339.000000	694.444444	0.000000	595.238095	0.000000	694.417800	50.125879	50.179817	-0.007118	-0.000068	0.000511	-0.000292	0.000000	NaN	NaN	NaN	NaN	NaN	NaN	NaN
340.000000	694.444444	0.000000	602.409639	0.000000	694.417800	50.125267	50.153088	-0.004005	-0.000031	0.000432	-0.000258	0.000000	NaN	NaN	NaN	NaN	NaN	NaN	NaN
341.000000	694.444444	0.000000	609.756098	0.000000	694.417800	50.146726	50.144074	-0.002472	0.000014	0.000588	-0.000295	0.000000	NaN	NaN	NaN	NaN	NaN	NaN	NaN
342.000000	694.444444	0.000000	617.283951	0.000000	694.417800	50.208765	50.107291	-0.003339	0.000162	0.000803	-0.000284	0.000000	NaN	NaN	NaN	NaN	NaN	NaN	NaN
343.000000	694.444444	0.000000	625.000000	0.000000	694.417800	50.166544	50.160970	-0.002049	0.000204	0.000706	-0.000293	0.000000	NaN	NaN	NaN	NaN	NaN	NaN	NaN
344.000000	694.444444	0.000000	632.911392	0.000000	694.417800	50.098375	50.098634	-0.003471	0.000049	0.000580	-0.000267	0.000000	NaN	NaN	NaN	NaN	NaN	NaN	NaN
345.000000	694.444444	0.000000	641.025641	0.000000	694.417800	50.111998	50.109121	-0.000036	0.000011	0.000509	-0.000279	0.000000	NaN	NaN	NaN	NaN	NaN	NaN	NaN
346.000000	694.444444	0.000000	649.350649	0.000000	694.417800	50.196871	50.071315	0.001393	-0.000049	0.000422	-0.000289	0.000000	NaN	NaN	NaN	NaN	NaN	NaN	NaN
347.000000	694.444444	0.000000	657.894737	0.000000	694.417800	50.188522	50.140262	-0.001154	0.000042	0.000464	-0.000296	0.000000	NaN	NaN	NaN	NaN	NaN	NaN	NaN
348.000000	694.444444	0.000000	666.666667	0.000000	694.417800	50.079909	50.150368	0.001368	0.000046	0.000525	-0.000334	0.000000	NaN	NaN	NaN	NaN	NaN	NaN	NaN
349.000000	694.444444	0.000000	675.675676	0.000000	694.417800	50.094592	50.116949	0.004718	-0.000053	0.000620	-0.000276	0.000000	NaN	NaN	NaN	NaN	NaN	NaN	NaN
350.000000	694.444444	0.000000	684.931507	0.000000	694.417800	50.182918	50.119194	0.009720	0.000323	0.000315	-0.000260	0.000000	NaN	NaN	NaN	NaN	NaN	NaN	NaN
351.000000	694.444444	0.000000	694.444444	0.000000	694.417800	50.190253	50.118043	0.012063	0.000021	0.000657	-0.000267	0.000000	NaN	NaN	NaN	NaN	NaN	NaN	NaN
352.000000	694.444444	0.000000	704.225352	0.000000	694.417800	50.158471	50.101003	0.006402	0.000025	0.000809	-0.000303	0.000000	NaN	NaN	NaN	NaN	NaN	NaN	NaN
353.000000	694.444444	0.000000	714.285714	0.000000	694.417800	50.097533	50.179161	0.003435	0.000015	0.000702	-0.000293	0.000000	NaN	NaN	NaN	NaN	NaN	NaN	NaN
354.000000	694.444444	0.000000	724.637681	0.000000	694.417800	50.170882	50.110221	0.001924	0.000142	0.000632	-0.000291	0.000000	NaN	NaN	NaN	NaN	NaN	NaN	NaN
355.000000	694.444444	0.000000	735.294118	0.000000	694.417800	50.187247	50.153612	-0.003404	0.000113	0.000532	-0.000316	0.000000	NaN	NaN	NaN	NaN	NaN	NaN	NaN
356.000000	694.444444	0.000000	746.268657	0.000000	694.417800	50.063402	50.103921	-0.005723	-0.000063	0.000833	-0.000292	0.000000	NaN	NaN	NaN	NaN	NaN	NaN	NaN
357.000000	694.444444	0.000000	757.575758	0.000000	694.417800	50.177083	50.126176	-0.006336	-0.000033	0.000741	-0.000301	0.000000	NaN	NaN	NaN	NaN	NaN	NaN	NaN
358.000000	694.444444	0.000000	769.230769	0.000000	694.417800	50.096316	50.198293	-0.006617	-0.000082	0.000701	-0.000268	0.000000	NaN	NaN	NaN	NaN	NaN	NaN	NaN
359.000000	694.444444	0.000000	781.250000	0.000000	694.417800	50.145373	50.153359	-0.007554	0.000040	0.000744	-0.000300	0.000000	NaN	NaN	NaN	NaN	NaN	NaN	NaN
360.000000	694.444444	0.000000	793.650794	0.000000	694.417800	50.192330	50.127659	-0.007785	-0.000131	0.000519	-0.000266	0.000000	NaN	NaN	NaN	NaN	NaN	NaN	NaN
361.000000	704.225352	0.000000	581.395349	0.000000	704.182500	50.078836	50.154996	-0.006592	-0.000028	0.000760	-0.000280	0.000000	NaN	NaN	NaN	NaN	NaN	NaN	NaN
362.000000	704.225352	0.000000	588.235294	0.000000	704.182500	50.116380	50.198626	-0.005398	0.000012	0.000664	-0.000305	0.000000	NaN	NaN	NaN	NaN	NaN	NaN	NaN
363.000000	704.225352	0.000000	595.238095	0.000000	704.182500	50.152555	50.139780	-0.007387	0.000118	0.000464	-0.000268	0.000000	NaN	NaN	NaN	NaN	NaN	NaN	NaN
364.000000	704.225352	0.000000	602.409639	0.000000	704.182500	50.151943	50.179764	-0.004990	-0.000053	0.000586	-0.000270	0.000000	NaN	NaN	NaN	NaN	NaN	NaN	NaN
365.000000	704.225352	0.000000	609.756098	0.000000	704.182500	50.106689	50.104037	-0.003873	-0.000023	0.000779	-0.000272	0.000000	NaN	NaN	NaN	NaN	NaN	NaN	NaN
366.000000	704.225352	0.000000	617.283951	0.000000	704.182500	50.168728	50.133966	-0.004337	-0.000038	0.000436	-0.000286	0.000000	NaN	NaN	NaN	NaN	NaN	NaN	NaN
367.000000	704.225352	0.000000	625.000000	0.000000	704.182500	50.193220	50.187646	-0.003967	-0.000017	0.001017	-0.000277	0.000000	NaN	NaN	NaN	NaN	NaN	NaN	NaN
368.000000	704.225352	0.000000	632.911392	0.000000	704.182500	50.125051	50.125309	-0.005095	0.000007	0.000651	-0.000260	0.000000	NaN	NaN	NaN	NaN	NaN	NaN	NaN
369.000000	704.225352	0.000000	641.025641	0.000000	704.182500	50.138673	50.135796	-0.002656	0.000114	0.000701	-0.000280	0.000000	NaN	NaN	NaN	NaN	NaN	NaN	NaN
370.000000	704.225352	0.000000	649.350649	0.000000	704.182500	50.090121	50.097991	-0.002767	0.000256	0.000485	-0.000299	0.000000	NaN	NaN	NaN	NaN	NaN	NaN	NaN
371.000000	704.225352	0.000000	657.894737	0.000000	704.182500	50.148485	50.166938	-0.004886	0.000044	0.000859	-0.000258	0.000000	NaN	NaN	NaN	NaN	NaN	NaN	NaN
372.000000	704.225352	0.000000	666.666667	0.000000	704.182500	50.106584	50.177043	-0.003586	-0.000098	0.000811	-0.000296	0.000000	NaN	NaN	NaN	NaN	NaN	NaN	NaN
373.000000	704.225352	0.000000	675.675676	0.000000	704.182500	50.121268	50.076911	0.001500	-0.000047	0.000697	-0.000268	0.000000	NaN	NaN	NaN	NaN	NaN	NaN	NaN
374.000000	704.225352	0.000000	684.931507	0.000000	704.182500	50.142881	50.079157	-0.000977	0.000077	0.000540	-0.000270	0.000000	NaN	NaN	NaN	NaN	NaN	NaN	NaN
375.000000	704.225352	0.000000	694.444444	0.000000	704.182500	50.150216	50.144718	0.004038	0.000011	0.000600	-0.000280	0.000000	NaN	NaN	NaN	NaN	NaN	NaN	NaN
376.000000	704.225352	0.000000	704.225352	0.000000	704.182500	50.185146	50.127678	0.006809	-0.000173	0.000635	-0.000271	0.000000	NaN	NaN	NaN	NaN	NaN	NaN	NaN
377.000000	704.225352	0.000000	714.285714	0.000000	704.182500	50.124209	50.072411	0.001495	0.000087	0.000630	-0.000273	0.000000	NaN	NaN	NaN	NaN	NaN	NaN	NaN
378.000000	704.225352	0.000000	724.637681	0.000000	704.182500	50.130845	50.136897	-0.000485	-0.000222	0.000752	-0.000290	0.000000	NaN	NaN	NaN	NaN	NaN	NaN	NaN
379.000000	704.225352	0.000000	735.294118	0.000000	704.182500	50.080497	50.180288	-0.004867	-0.000111	0.000644	-0.000278	0.000000	NaN	NaN	NaN	NaN	NaN	NaN	NaN
380.000000	704.225352	0.000000	746.268657	0.000000	704.182500	50.090078	50.130596	-0.006324	-0.000115	0.000518	-0.000286	0.000000	NaN	NaN	NaN	NaN	NaN	NaN	NaN
381.000000	704.225352	0.000000	757.575758	0.000000	704.182500	50.070333	50.152852	-0.007700	0.000060	0.000732	-0.000278	0.000000	NaN	NaN	NaN	NaN	NaN	NaN	NaN
382.000000	704.225352	0.000000	769.230769	0.000000	704.182500	50.122991	50.091543	-0.007862	-0.000135	0.000727	-0.000295	0.000000	NaN	NaN	NaN	NaN	NaN	NaN	NaN
383.000000	704.225352	0.000000	781.250000	0.000000	704.182500	50.172049	50.180034	-0.008883	-0.000089	0.000676	-0.000284	0.000000	NaN	NaN	NaN	NaN	NaN	NaN	NaN
384.000000	704.225352	0.000000	793.650794	0.000000	704.182500	50.152292	50.154335	-0.007217	-0.000083	0.000645	-0.000266	0.000000	NaN	NaN	NaN	NaN	NaN	NaN	NaN
385.000000	714.285714	0.000000	581.395349	0.000000	714.253800	50.134141	50.210301	-0.007604	-0.000013	0.000534	-0.000275	0.000000	NaN	NaN	NaN	NaN	NaN	NaN	NaN
386.000000	714.285714	0.000000	588.235294	0.000000	714.253800	50.171684	50.120505	-0.007071	0.000123	0.000450	-0.000311	0.000000	NaN	NaN	NaN	NaN	NaN	NaN	NaN
387.000000	714.285714	0.000000	595.238095	0.000000	714.253800	50.207859	50.195084	-0.007921	0.000088	0.000693	-0.000277	0.000000	NaN	NaN	NaN	NaN	NaN	NaN	NaN
388.000000	714.285714	0.000000	602.409639	0.000000	714.253800	50.073822	50.101643	-0.006971	-0.000027	0.000467	-0.000291	0.000000	NaN	NaN	NaN	NaN	NaN	NaN	NaN
389.000000	714.285714	0.000000	609.756098	0.000000	714.253800	50.161993	50.159341	-0.004651	-0.000207	0.000603	-0.000288	0.000000	NaN	NaN	NaN	NaN	NaN	NaN	NaN
390.000000	714.285714	0.000000	617.283951	0.000000	714.253800	50.157320	50.189271	-0.004438	-0.000143	0.000561	-0.000280	0.000000	NaN	NaN	NaN	NaN	NaN	NaN	NaN
391.000000	714.285714	0.000000	625.000000	0.000000	714.253800	50.115099	50.109525	-0.004698	-0.000109	0.000350	-0.000310	0.000000	NaN	NaN	NaN	NaN	NaN	NaN	NaN
392.000000	714.285714	0.000000	632.911392	0.000000	714.253800	50.180355	50.113901	-0.005819	0.000127	0.000399	-0.000269	0.000000	NaN	NaN	NaN	NaN	NaN	NaN	NaN
393.000000	714.285714	0.000000	641.025641	0.000000	714.253800	50.193978	50.124388	-0.004492	-0.000006	0.000508	-0.000279	0.000000	NaN	NaN	NaN	NaN	NaN	NaN	NaN
394.000000	714.285714	0.000000	649.350649	0.000000	714.253800	50.145426	50.153295	-0.004164	-0.000039	0.000341	-0.000281	0.000000	NaN	NaN	NaN	NaN	NaN	NaN	NaN
395.000000	714.285714	0.000000	657.894737	0.000000	714.253800	50.070364	50.088817	-0.006627	0.000220	0.000738	-0.000267	0.000000	NaN	NaN	NaN	NaN	NaN	NaN	NaN
396.000000	714.285714	0.000000	666.666667	0.000000	714.253800	50.161889	50.098922	-0.005469	-0.000036	0.000455	-0.000286	0.000000	NaN	NaN	NaN	NaN	NaN	NaN	NaN
397.000000	714.285714	0.000000	675.675676	0.000000	714.253800	50.176572	50.132216	-0.001116	-0.000193	0.000273	-0.000280	0.000000	NaN	NaN	NaN	NaN	NaN	NaN	NaN
398.000000	714.285714	0.000000	684.931507	0.000000	714.253800	50.131473	50.134461	-0.001246	-0.000020	0.000659	-0.000286	0.000000	NaN	NaN	NaN	NaN	NaN	NaN	NaN
399.000000	714.285714	0.000000	694.444444	0.000000	714.253800	50.072095	50.200023	-0.001133	0.000106	0.000568	-0.000279	0.000000	NaN	NaN	NaN	NaN	NaN	NaN	NaN
400.000000	714.285714	0.000000	704.225352	0.000000	714.253800	50.107025	50.116270	0.004323	0.000118	0.000462	-0.000294	0.000000	NaN	NaN	NaN	NaN	NaN	NaN	NaN
401.000000	714.285714	0.000000	714.285714	0.000000	714.253800	50.179513	50.127716	0.005273	-0.000062	0.000572	-0.000282	0.000000	NaN	NaN	NaN	NaN	NaN	NaN	NaN
402.000000	714.285714	0.000000	724.637681	0.000000	714.253800	50.186150	50.192201	0.003594	-0.000127	0.000616	-0.000269	0.000000	NaN	NaN	NaN	NaN	NaN	NaN	NaN
403.000000	714.285714	0.000000	735.294118	0.000000	714.253800	50.135802	50.102166	-0.004038	0.000079	0.000541	-0.000279	0.000000	NaN	NaN	NaN	NaN	NaN	NaN	NaN
404.000000	714.285714	0.000000	746.268657	0.000000	714.253800	50.145382	50.185901	-0.003430	0.000028	0.000631	-0.000266	0.000000	NaN	NaN	NaN	NaN	NaN	NaN	NaN
405.000000	714.285714	0.000000	757.575758	0.000000	714.253800	50.125638	50.208156	-0.005960	0.000051	0.000362	-0.000280	0.000000	NaN	NaN	NaN	NaN	NaN	NaN	NaN
406.000000	714.285714	0.000000	769.230769	0.000000	714.253800	50.111583	50.146848	-0.006171	-0.000162	0.000743	-0.000288	0.000000	NaN	NaN	NaN	NaN	NaN	NaN	NaN
407.000000	714.285714	0.000000	781.250000	0.000000	714.253800	50.093928	50.101913	-0.008616	0.000095	0.000751	-0.000315	0.000000	NaN	NaN	NaN	NaN	NaN	NaN	NaN
408.000000	714.285714	0.000000	793.650794	0.000000	714.253800	50.140884	50.209639	-0.008208	0.000131	0.000524	-0.000249	0.000000	NaN	NaN	NaN	NaN	NaN	NaN	NaN
409.000000	724.637681	0.000000	581.395349	0.000000	724.631500	50.211447	50.087468	-0.007508	0.000123	0.000424	-0.000258	0.000000	NaN	NaN	NaN	NaN	NaN	NaN	NaN
410.000000	724.637681	0.000000	588.235294	0.000000	724.631500	50.115564	50.131098	-0.008078	-0.000007	0.000577	-0.000291	0.000000	NaN	NaN	NaN	NaN	NaN	NaN	NaN
411.000000	724.637681	0.000000	595.238095	0.000000	724.631500	50.085027	50.138964	-0.008122	-0.000105	0.000698	-0.000299	0.000000	NaN	NaN	NaN	NaN	NaN	NaN	NaN
412.000000	724.637681	0.000000	602.409639	0.000000	724.631500	50.151128	50.112236	-0.007555	0.000039	0.000513	-0.000303	0.000000	NaN	NaN	NaN	NaN	NaN	NaN	NaN
413.000000	724.637681	0.000000	609.756098	0.000000	724.631500	50.105873	50.103221	-0.006696	-0.000095	0.000461	-0.000279	0.000000	NaN	NaN	NaN	NaN	NaN	NaN	NaN
414.000000	724.637681	0.000000	617.283951	0.000000	724.631500	50.167913	50.199864	-0.006612	-0.000050	0.000638	-0.000275	0.000000	NaN	NaN	NaN	NaN	NaN	NaN	NaN
415.000000	724.637681	0.000000	625.000000	0.000000	724.631500	50.125692	50.120118	-0.006634	0.000060	0.000663	-0.000287	0.000000	NaN	NaN	NaN	NaN	NaN	NaN	NaN
416.000000	724.637681	0.000000	632.911392	0.000000	724.631500	50.190948	50.191207	-0.006207	0.000027	0.000698	-0.000267	0.000000	NaN	NaN	NaN	NaN	NaN	NaN	NaN
417.000000	724.637681	0.000000	641.025641	0.000000	724.631500	50.137858	50.201694	-0.006936	-0.000138	0.000615	-0.000252	0.000000	NaN	NaN	NaN	NaN	NaN	NaN	NaN
418.000000	724.637681	0.000000	649.350649	0.000000	724.631500	50.156019	50.163888	-0.006596	-0.000087	0.000736	-0.000294	0.000000	NaN	NaN	NaN	NaN	NaN	NaN	NaN
419.000000	724.637681	0.000000	657.894737	0.000000	724.631500	50.147670	50.166123	-0.007754	0.000044	0.000770	-0.000278	0.000000	NaN	NaN	NaN	NaN	NaN	NaN	NaN
420.000000	724.637681	0.000000	666.666667	0.000000	724.631500	50.105769	50.109515	-0.005306	0.000156	0.000581	-0.000279	0.000000	NaN	NaN	NaN	NaN	NaN	NaN	NaN
421.000000	724.637681	0.000000	675.675676	0.000000	724.631500	50.187165	50.209522	-0.005014	-0.000072	0.000531	-0.000266	0.000000	NaN	NaN	NaN	NaN	NaN	NaN	NaN
422.000000	724.637681	0.000000	684.931507	0.000000	724.631500	50.142066	50.211767	-0.004128	0.000056	0.000657	-0.000288	0.000000	NaN	NaN	NaN	NaN	NaN	NaN	NaN
423.000000	724.637681	0.000000	694.444444	0.000000	724.631500	50.149401	50.077190	-0.002747	0.000009	0.000575	-0.000301	0.000000	NaN	NaN	NaN	NaN	NaN	NaN	NaN
424.000000	724.637681	0.000000	704.225352	0.000000	724.631500	50.184331	50.193576	-0.003475	0.000089	0.000457	-0.000258	0.000000	NaN	NaN	NaN	NaN	NaN	NaN	NaN
425.000000	724.637681	0.000000	714.285714	0.000000	724.631500	50.190107	50.205022	-0.002177	-0.000133	0.000568	-0.000291	0.000000	NaN	NaN	NaN	NaN	NaN	NaN	NaN
426.000000	724.637681	0.000000	724.637681	0.000000	724.631500	50.130030	50.069369	0.004614	-0.000114	0.000783	-0.000277	0.000000	NaN	NaN	NaN	NaN	NaN	NaN	NaN
427.000000	724.637681	0.000000	735.294118	0.000000	724.631500	50.146395	50.179472	-0.003157	0.000018	0.000688	-0.000295	0.000000	NaN	NaN	NaN	NaN	NaN	NaN	NaN
428.000000	724.637681	0.000000	746.268657	0.000000	724.631500	50.155975	50.196494	-0.003679	-0.000009	0.000798	-0.000281	0.000000	NaN	NaN	NaN	NaN	NaN	NaN	NaN
429.000000	724.637681	0.000000	757.575758	0.000000	724.631500	50.202944	50.085323	-0.005292	-0.000088	0.000606	-0.000296	0.000000	NaN	NaN	NaN	NaN	NaN	NaN	NaN
430.000000	724.637681	0.000000	769.230769	0.000000	724.631500	50.188889	50.157441	-0.008961	0.000155	0.000490	-0.000265	0.000000	NaN	NaN	NaN	NaN	NaN	NaN	NaN
431.000000	724.637681	0.000000	781.250000	0.000000	724.631500	50.171234	50.112506	-0.009190	-0.000087	0.000564	-0.000307	0.000000	NaN	NaN	NaN	NaN	NaN	NaN	NaN
432.000000	724.637681	0.000000	793.650794	0.000000	724.631500	50.151477	50.153520	-0.009179	0.000132	0.000686	-0.000281	0.000000	NaN	NaN	NaN	NaN	NaN	NaN	NaN
433.000000	735.294118	0.000000	581.395349	0.000000	735.315500	50.122206	50.131653	-0.007737	-0.000089	0.000503	-0.000273	0.000000	NaN	NaN	NaN	NaN	NaN	NaN	NaN
434.000000	735.294118	0.000000	588.235294	0.000000	735.315500	50.159749	50.175283	-0.007388	0.000035	0.000559	-0.000289	0.000000	NaN	NaN	NaN	NaN	NaN	NaN	NaN
435.000000	735.294118	0.000000	595.238095	0.000000	735.315500	50.129212	50.183149	-0.008261	-0.000018	0.000672	-0.000249	0.000000	NaN	NaN	NaN	NaN	NaN	NaN	NaN
436.000000	735.294118	0.000000	602.409639	0.000000	735.315500	50.195313	50.156421	-0.007457	0.000277	0.000488	-0.000282	0.000000	NaN	NaN	NaN	NaN	NaN	NaN	NaN
437.000000	735.294118	0.000000	609.756098	0.000000	735.315500	50.150058	50.147406	-0.006948	0.000064	0.000605	-0.000284	0.000000	NaN	NaN	NaN	NaN	NaN	NaN	NaN
438.000000	735.294118	0.000000	617.283951	0.000000	735.315500	50.078672	50.110623	-0.006835	-0.000004	0.000570	-0.000283	0.000000	NaN	NaN	NaN	NaN	NaN	NaN	NaN
439.000000	735.294118	0.000000	625.000000	0.000000	735.315500	50.169877	50.164303	-0.007074	-0.000080	0.000563	-0.000277	0.000000	NaN	NaN	NaN	NaN	NaN	NaN	NaN
440.000000	735.294118	0.000000	632.911392	0.000000	735.315500	50.101707	50.101966	-0.008040	-0.000080	0.000606	-0.000274	0.000000	NaN	NaN	NaN	NaN	NaN	NaN	NaN
441.000000	735.294118	0.000000	641.025641	0.000000	735.315500	50.182043	50.112453	-0.006719	-0.000109	0.000491	-0.000278	0.000000	NaN	NaN	NaN	NaN	NaN	NaN	NaN
442.000000	735.294118	0.000000	649.350649	0.000000	735.315500	50.133491	50.141361	-0.005971	-0.000254	0.000731	-0.000282	0.000000	NaN	NaN	NaN	NaN	NaN	NaN	NaN
443.000000	735.294118	0.000000	657.894737	0.000000	735.315500	50.191855	50.210307	-0.006718	0.000002	0.000641	-0.000294	0.000000	NaN	NaN	NaN	NaN	NaN	NaN	NaN
444.000000	735.294118	0.000000	666.666667	0.000000	735.315500	50.149954	50.153700	-0.006949	-0.000061	0.000617	-0.000295	0.000000	NaN	NaN	NaN	NaN	NaN	NaN	NaN
445.000000	735.294118	0.000000	675.675676	0.000000	735.315500	50.097925	50.120281	-0.007355	0.000226	0.000891	-0.000296	0.000000	NaN	NaN	NaN	NaN	NaN	NaN	NaN
446.000000	735.294118	0.000000	684.931507	0.000000	735.315500	50.186251	50.122527	-0.005426	0.000187	0.000686	-0.000293	0.000000	NaN	NaN	NaN	NaN	NaN	NaN	NaN
447.000000	735.294118	0.000000	694.444444	0.000000	735.315500	50.193585	50.188088	-0.005617	-0.000014	0.000658	-0.000277	0.000000	NaN	NaN	NaN	NaN	NaN	NaN	NaN
448.000000	735.294118	0.000000	704.225352	0.000000	735.315500	50.095090	50.104335	-0.005755	0.000002	0.000577	-0.000280	0.000000	NaN	NaN	NaN	NaN	NaN	NaN	NaN
449.000000	735.294118	0.000000	714.285714	0.000000	735.315500	50.100866	50.115781	-0.004840	-0.000270	0.000730	-0.000278	0.000000	NaN	NaN	NaN	NaN	NaN	NaN	NaN
450.000000	735.294118	0.000000	724.637681	0.000000	735.315500	50.174215	50.180266	-0.002750	-0.000087	0.000698	-0.000296	0.000000	NaN	NaN	NaN	NaN	NaN	NaN	NaN
451.000000	735.294118	0.000000	735.294118	0.000000	735.315500	50.123867	50.090232	-0.002129	0.000276	0.000679	-0.000282	0.000000	NaN	NaN	NaN	NaN	NaN	NaN	NaN
452.000000	735.294118	0.000000	746.268657	0.000000	735.315500	50.133447	50.107253	-0.004103	-0.000051	0.000714	-0.000299	0.000000	NaN	NaN	NaN	NaN	NaN	NaN	NaN
453.000000	735.294118	0.000000	757.575758	0.000000	735.315500	50.113703	50.196221	-0.004869	-0.000074	0.000716	-0.000298	0.000000	NaN	NaN	NaN	NaN	NaN	NaN	NaN
454.000000	735.294118	0.000000	769.230769	0.000000	735.315500	50.099648	50.134913	-0.007230	0.000292	0.000683	-0.000285	0.000000	NaN	NaN	NaN	NaN	NaN	NaN	NaN
455.000000	735.294118	0.000000	781.250000	0.000000	735.315500	50.215419	50.223404	-0.007382	-0.000099	0.000661	-0.000281	0.000000	NaN	NaN	NaN	NaN	NaN	NaN	NaN
456.000000	735.294118	0.000000	793.650794	0.000000	735.315500	50.062236	50.197704	-0.008791	-0.000095	0.000453	-0.000303	0.000000	NaN	NaN	NaN	NaN	NaN	NaN	NaN
457.000000	746.268657	0.000000	581.395349	0.000000	746.305400	50.150415	50.226574	-0.007053	-0.000119	0.000538	-0.000298	0.000000	NaN	NaN	NaN	NaN	NaN	NaN	NaN
458.000000	746.268657	0.000000	588.235294	0.000000	746.305400	50.187958	50.136779	-0.006929	-0.000125	0.000649	-0.000285	0.000000	NaN	NaN	NaN	NaN	NaN	NaN	NaN
459.000000	746.268657	0.000000	595.238095	0.000000	746.305400	50.090707	50.144645	-0.007774	0.000003	0.000748	-0.000278	0.000000	NaN	NaN	NaN	NaN	NaN	NaN	NaN
460.000000	746.268657	0.000000	602.409639	0.000000	746.305400	50.090096	50.117916	-0.007515	0.000150	0.000687	-0.000291	0.000000	NaN	NaN	NaN	NaN	NaN	NaN	NaN
461.000000	746.268657	0.000000	609.756098	0.000000	746.305400	50.111554	50.108902	-0.007068	0.000050	0.000681	-0.000284	0.000000	NaN	NaN	NaN	NaN	NaN	NaN	NaN
462.000000	746.268657	0.000000	617.283951	0.000000	746.305400	50.173593	50.205544	-0.007508	-0.000033	0.000691	-0.000258	0.000000	NaN	NaN	NaN	NaN	NaN	NaN	NaN
463.000000	746.268657	0.000000	625.000000	0.000000	746.305400	50.131372	50.125799	-0.007210	0.000005	0.000539	-0.000280	0.000000	NaN	NaN	NaN	NaN	NaN	NaN	NaN
464.000000	746.268657	0.000000	632.911392	0.000000	746.305400	50.196629	50.196888	-0.007596	0.000115	0.000671	-0.000270	0.000000	NaN	NaN	NaN	NaN	NaN	NaN	NaN
465.000000	746.268657	0.000000	641.025641	0.000000	746.305400	50.076826	50.207374	-0.006506	0.000003	0.000571	-0.000271	0.000000	NaN	NaN	NaN	NaN	NaN	NaN	NaN
466.000000	746.268657	0.000000	649.350649	0.000000	746.305400	50.161699	50.169569	-0.005906	-0.000202	0.000453	-0.000286	0.000000	NaN	NaN	NaN	NaN	NaN	NaN	NaN
467.000000	746.268657	0.000000	657.894737	0.000000	746.305400	50.086638	50.105090	-0.006266	0.000099	0.000679	-0.000279	0.000000	NaN	NaN	NaN	NaN	NaN	NaN	NaN
468.000000	746.268657	0.000000	666.666667	0.000000	746.305400	50.178162	50.115196	-0.006278	0.000193	0.000688	-0.000292	0.000000	NaN	NaN	NaN	NaN	NaN	NaN	NaN
469.000000	746.268657	0.000000	675.675676	0.000000	746.305400	50.192846	50.148489	-0.006111	-0.000130	0.000701	-0.000275	0.000000	NaN	NaN	NaN	NaN	NaN	NaN	NaN
470.000000	746.268657	0.000000	684.931507	0.000000	746.305400	50.147746	50.150735	-0.006070	-0.000051	0.000716	-0.000302	0.000000	NaN	NaN	NaN	NaN	NaN	NaN	NaN
471.000000	746.268657	0.000000	694.444444	0.000000	746.305400	50.155081	50.082871	-0.006101	0.000172	0.000581	-0.000307	0.000000	NaN	NaN	NaN	NaN	NaN	NaN	NaN
472.000000	746.268657	0.000000	704.225352	0.000000	746.305400	50.123299	50.199257	-0.006265	0.000175	0.000473	-0.000315	0.000000	NaN	NaN	NaN	NaN	NaN	NaN	NaN
473.000000	746.268657	0.000000	714.285714	0.000000	746.305400	50.195787	50.143989	-0.005819	-0.000093	0.000493	-0.000269	0.000000	NaN	NaN	NaN	NaN	NaN	NaN	NaN
474.000000	746.268657	0.000000	724.637681	0.000000	746.305400	50.135711	50.075049	-0.004676	0.000059	0.000844	-0.000295	0.000000	NaN	NaN	NaN	NaN	NaN	NaN	NaN
475.000000	746.268657	0.000000	735.294118	0.000000	746.305400	50.152075	50.118440	-0.004416	-0.000026	0.000748	-0.000291	0.000000	NaN	NaN	NaN	NaN	NaN	NaN	NaN
476.000000	746.268657	0.000000	746.268657	0.000000	746.305400	50.161656	50.202174	-0.003975	0.000018	0.000358	-0.000282	0.000000	NaN	NaN	NaN	NaN	NaN	NaN	NaN
477.000000	746.268657	0.000000	757.575758	0.000000	746.305400	50.141911	50.091004	-0.004887	0.000019	0.000694	-0.000285	0.000000	NaN	NaN	NaN	NaN	NaN	NaN	NaN
478.000000	746.268657	0.000000	769.230769	0.000000	746.305400	50.194570	50.163121	-0.006826	-0.000066	0.000434	-0.000303	0.000000	NaN	NaN	NaN	NaN	NaN	NaN	NaN
479.000000	746.268657	0.000000	781.250000	0.000000	746.305400	50.110201	50.118187	-0.006161	-0.000293	0.000725	-0.000286	0.000000	NaN	NaN	NaN	NaN	NaN	NaN	NaN
480.000000	746.268657	0.000000	793.650794	0.000000	746.305400	50.157158	50.092487	-0.008229	0.000011	0.000688	-0.000286	0.000000	NaN	NaN	NaN	NaN	NaN	NaN	NaN
481.000000	757.575758	0.000000	581.395349	0.000000	757.601000	50.133209	50.142656	-0.006713	-0.000406	0.000760	-0.000301	0.000000	NaN	NaN	NaN	NaN	NaN	NaN	NaN
482.000000	757.575758	0.000000	588.235294	0.000000	757.601000	50.170752	50.119573	-0.006104	-0.000152	0.000740	-0.000270	0.000000	NaN	NaN	NaN	NaN	NaN	NaN	NaN
483.000000	757.575758	0.000000	595.238095	0.000000	757.601000	50.140214	50.194152	-0.007465	-0.000062	0.000960	-0.000286	0.000000	NaN	NaN	NaN	NaN	NaN	NaN	NaN
484.000000	757.575758	0.000000	602.409639	0.000000	757.601000	50.206315	50.167423	-0.007061	-0.000113	0.000667	-0.000313	0.000000	NaN	NaN	NaN	NaN	NaN	NaN	NaN
485.000000	757.575758	0.000000	609.756098	0.000000	757.601000	50.161061	50.158409	-0.006946	-0.000038	0.000777	-0.000273	0.000000	NaN	NaN	NaN	NaN	NaN	NaN	NaN
486.000000	757.575758	0.000000	617.283951	0.000000	757.601000	50.022962	50.121626	-0.006972	-0.000107	0.000576	-0.000266	0.000000	NaN	NaN	NaN	NaN	NaN	NaN	NaN
487.000000	757.575758	0.000000	625.000000	0.000000	757.601000	50.180879	50.175305	-0.006899	-0.000129	0.000588	-0.000270	0.000000	NaN	NaN	NaN	NaN	NaN	NaN	NaN
488.000000	757.575758	0.000000	632.911392	0.000000	757.601000	50.112710	50.112969	-0.007121	-0.000152	0.000593	-0.000304	0.000000	NaN	NaN	NaN	NaN	NaN	NaN	NaN
489.000000	757.575758	0.000000	641.025641	0.000000	757.601000	50.193046	50.123456	-0.005177	-0.000075	0.000675	-0.000292	0.000000	NaN	NaN	NaN	NaN	NaN	NaN	NaN
490.000000	757.575758	0.000000	649.350649	0.000000	757.601000	50.144494	50.152363	-0.004642	0.000155	0.000551	-0.000303	0.000000	NaN	NaN	NaN	NaN	NaN	NaN	NaN
491.000000	757.575758	0.000000	657.894737	0.000000	757.601000	50.202857	50.221310	-0.006060	0.000062	0.000567	-0.000319	0.000000	NaN	NaN	NaN	NaN	NaN	NaN	NaN
492.000000	757.575758	0.000000	666.666667	0.000000	757.601000	50.160956	50.164703	-0.006263	0.000133	0.000456	-0.000278	0.000000	NaN	NaN	NaN	NaN	NaN	NaN	NaN
493.000000	757.575758	0.000000	675.675676	0.000000	757.601000	50.108927	50.131284	-0.005725	0.000063	0.000201	-0.000273	0.000000	NaN	NaN	NaN	NaN	NaN	NaN	NaN
494.000000	757.575758	0.000000	684.931507	0.000000	757.601000	50.063828	50.133529	-0.005582	0.000066	0.000455	-0.000291	0.000000	NaN	NaN	NaN	NaN	NaN	NaN	NaN
495.000000	757.575758	0.000000	694.444444	0.000000	757.601000	50.204588	50.132378	-0.005948	-0.000133	0.000490	-0.000278	0.000000	NaN	NaN	NaN	NaN	NaN	NaN	NaN
496.000000	757.575758	0.000000	704.225352	0.000000	757.601000	50.106093	50.115338	-0.006071	-0.000046	0.000796	-0.000291	0.000000	NaN	NaN	NaN	NaN	NaN	NaN	NaN
497.000000	757.575758	0.000000	714.285714	0.000000	757.601000	50.111868	50.126783	-0.005276	0.000006	0.000624	-0.000263	0.000000	NaN	NaN	NaN	NaN	NaN	NaN	NaN
498.000000	757.575758	0.000000	724.637681	0.000000	757.601000	50.185217	50.191269	-0.005742	-0.000158	0.000655	-0.000269	0.000000	NaN	NaN	NaN	NaN	NaN	NaN	NaN
499.000000	757.575758	0.000000	735.294118	0.000000	757.601000	50.134870	50.101234	-0.005641	-0.000105	0.000556	-0.000251	0.000000	NaN	NaN	NaN	NaN	NaN	NaN	NaN
500.000000	757.575758	0.000000	746.268657	0.000000	757.601000	50.144450	50.118256	-0.005770	0.000051	0.000634	-0.000288	0.000000	NaN	NaN	NaN	NaN	NaN	NaN	NaN
501.000000	757.575758	0.000000	757.575758	0.000000	757.601000	50.124706	50.140511	-0.005340	-0.000179	0.000597	-0.000298	0.000000	NaN	NaN	NaN	NaN	NaN	NaN	NaN
502.000000	757.575758	0.000000	769.230769	0.000000	757.601000	50.110651	50.145916	-0.005386	0.000114	0.000884	-0.000304	0.000000	NaN	NaN	NaN	NaN	NaN	NaN	NaN
503.000000	757.575758	0.000000	781.250000	0.000000	757.601000	50.226421	50.167694	-0.005343	-0.000026	0.000770	-0.000249	0.000000	NaN	NaN	NaN	NaN	NaN	NaN	NaN
504.000000	757.575758	0.000000	793.650794	0.000000	757.601000	50.073239	50.208707	-0.005707	0.000059	0.000737	-0.000283	0.000000	NaN	NaN	NaN	NaN	NaN	NaN	NaN
505.000000	769.230769	0.000000	581.395349	0.000000	769.202000	50.063534	50.139693	-0.006900	-0.000029	0.000513	-0.000279	0.000000	NaN	NaN	NaN	NaN	NaN	NaN	NaN
506.000000	769.230769	0.000000	588.235294	0.000000	769.202000	50.101077	50.183323	-0.006375	0.000027	0.000612	-0.000286	0.000000	NaN	NaN	NaN	NaN	NaN	NaN	NaN
507.000000	769.230769	0.000000	595.238095	0.000000	769.202000	50.137252	50.191190	-0.007209	0.000150	0.000601	-0.000272	0.000000	NaN	NaN	NaN	NaN	NaN	NaN	NaN
508.000000	769.230769	0.000000	602.409639	0.000000	769.202000	50.136640	50.164461	-0.006705	0.000005	0.000504	-0.000289	0.000000	NaN	NaN	NaN	NaN	NaN	NaN	NaN
509.000000	769.230769	0.000000	609.756098	0.000000	769.202000	50.158099	50.155447	-0.006784	0.000013	0.000576	-0.000278	0.000000	NaN	NaN	NaN	NaN	NaN	NaN	NaN
510.000000	769.230769	0.000000	617.283951	0.000000	769.202000	50.220138	50.118663	-0.006876	0.000006	0.000732	-0.000290	0.000000	NaN	NaN	NaN	NaN	NaN	NaN	NaN
511.000000	769.230769	0.000000	625.000000	0.000000	769.202000	50.177917	50.172343	-0.006696	0.000007	0.000636	-0.000299	0.000000	NaN	NaN	NaN	NaN	NaN	NaN	NaN
512.000000	769.230769	0.000000	632.911392	0.000000	769.202000	50.109748	50.110007	-0.006742	0.000084	0.000704	-0.000263	0.000000	NaN	NaN	NaN	NaN	NaN	NaN	NaN
513.000000	769.230769	0.000000	641.025641	0.000000	769.202000	50.123370	50.120493	-0.005934	0.000104	0.000945	-0.000274	0.000000	NaN	NaN	NaN	NaN	NaN	NaN	NaN
514.000000	769.230769	0.000000	649.350649	0.000000	769.202000	50.074818	50.082688	-0.005215	0.000072	0.000772	-0.000270	0.000000	NaN	NaN	NaN	NaN	NaN	NaN	NaN
515.000000	769.230769	0.000000	657.894737	0.000000	769.202000	50.133182	50.151635	-0.006311	-0.000248	0.000643	-0.000258	0.000000	NaN	NaN	NaN	NaN	NaN	NaN	NaN
516.000000	769.230769	0.000000	666.666667	0.000000	769.202000	50.091281	50.161741	-0.006263	-0.000097	0.000663	-0.000309	0.000000	NaN	NaN	NaN	NaN	NaN	NaN	NaN
517.000000	769.230769	0.000000	675.675676	0.000000	769.202000	50.105965	50.128321	-0.006067	0.000024	0.000664	-0.000268	0.000000	NaN	NaN	NaN	NaN	NaN	NaN	NaN
518.000000	769.230769	0.000000	684.931507	0.000000	769.202000	50.194291	50.130567	-0.006172	-0.000070	0.000803	-0.000266	0.000000	NaN	NaN	NaN	NaN	NaN	NaN	NaN
519.000000	769.230769	0.000000	694.444444	0.000000	769.202000	50.201626	50.129416	-0.006235	0.000120	0.000708	-0.000287	0.000000	NaN	NaN	NaN	NaN	NaN	NaN	NaN
520.000000	769.230769	0.000000	704.225352	0.000000	769.202000	50.169844	50.112376	-0.006100	0.000165	0.000735	-0.000291	0.000000	NaN	NaN	NaN	NaN	NaN	NaN	NaN
521.000000	769.230769	0.000000	714.285714	0.000000	769.202000	50.108906	50.123821	-0.005992	0.000201	0.000719	-0.000279	0.000000	NaN	NaN	NaN	NaN	NaN	NaN	NaN
522.000000	769.230769	0.000000	724.637681	0.000000	769.202000	50.182255	50.121594	-0.005851	-0.000059	0.000563	-0.000282	0.000000	NaN	NaN	NaN	NaN	NaN	NaN	NaN
523.000000	769.230769	0.000000	735.294118	0.000000	769.202000	50.065195	50.164985	-0.006580	0.000006	0.000559	-0.000271	0.000000	NaN	NaN	NaN	NaN	NaN	NaN	NaN
524.000000	769.230769	0.000000	746.268657	0.000000	769.202000	50.074775	50.115293	-0.006775	0.000000	0.000804	-0.000302	0.000000	NaN	NaN	NaN	NaN	NaN	NaN	NaN
525.000000	769.230769	0.000000	757.575758	0.000000	769.202000	50.188456	50.137549	-0.006055	-0.000131	0.000859	-0.000294	0.000000	NaN	NaN	NaN	NaN	NaN	NaN	NaN
526.000000	769.230769	0.000000	769.230769	0.000000	769.202000	50.107689	50.209666	-0.004342	-0.000313	0.000722	-0.000286	0.000000	NaN	NaN	NaN	NaN	NaN	NaN	NaN
527.000000	769.230769	0.000000	781.250000	0.000000	769.202000	50.156746	50.164731	-0.005377	-0.000024	0.000622	-0.000261	0.000000	NaN	NaN	NaN	NaN	NaN	NaN	NaN
528.000000	769.230769	0.000000	793.650794	0.000000	769.202000	50.203702	50.139032	-0.006165	0.000024	0.000846	-0.000279	0.000000	NaN	NaN	NaN	NaN	NaN	NaN	NaN
529.000000	781.250000	0.000000	581.395349	0.000000	781.211100	50.103580	50.113027	-0.006671	-0.000235	0.000424	-0.000272	0.000000	NaN	NaN	NaN	NaN	NaN	NaN	NaN
530.000000	781.250000	0.000000	588.235294	0.000000	781.211100	50.141123	50.223370	-0.006487	-0.000053	0.000652	-0.000261	0.000000	NaN	NaN	NaN	NaN	NaN	NaN	NaN
531.000000	781.250000	0.000000	595.238095	0.000000	781.211100	50.177298	50.164523	-0.007275	-0.000152	0.000676	-0.000285	0.000000	NaN	NaN	NaN	NaN	NaN	NaN	NaN
532.000000	781.250000	0.000000	602.409639	0.000000	781.211100	50.176686	50.204507	-0.006883	-0.000190	0.000489	-0.000272	0.000000	NaN	NaN	NaN	NaN	NaN	NaN	NaN
533.000000	781.250000	0.000000	609.756098	0.000000	781.211100	50.131432	50.128780	-0.006798	0.000153	0.000533	-0.000290	0.000000	NaN	NaN	NaN	NaN	NaN	NaN	NaN
534.000000	781.250000	0.000000	617.283951	0.000000	781.211100	50.126759	50.091997	-0.006756	0.000103	0.000584	-0.000286	0.000000	NaN	NaN	NaN	NaN	NaN	NaN	NaN
535.000000	781.250000	0.000000	625.000000	0.000000	781.211100	50.217963	50.145677	-0.006710	0.000009	0.000648	-0.000281	0.000000	NaN	NaN	NaN	NaN	NaN	NaN	NaN
536.000000	781.250000	0.000000	632.911392	0.000000	781.211100	50.149794	50.083340	-0.006878	-0.000030	0.000408	-0.000273	0.000000	NaN	NaN	NaN	NaN	NaN	NaN	NaN
537.000000	781.250000	0.000000	641.025641	0.000000	781.211100	50.163417	50.093827	-0.006051	-0.000222	0.000518	-0.000329	0.000000	NaN	NaN	NaN	NaN	NaN	NaN	NaN
538.000000	781.250000	0.000000	649.350649	0.000000	781.211100	50.114865	50.122734	-0.005687	-0.000148	0.000804	-0.000283	0.000000	NaN	NaN	NaN	NaN	NaN	NaN	NaN
539.000000	781.250000	0.000000	657.894737	0.000000	781.211100	50.173229	50.191681	-0.006465	-0.000062	0.000501	-0.000295	0.000000	NaN	NaN	NaN	NaN	NaN	NaN	NaN
540.000000	781.250000	0.000000	666.666667	0.000000	781.211100	50.131328	50.201787	-0.006365	-0.000017	0.000626	-0.000277	0.000000	NaN	NaN	NaN	NaN	NaN	NaN	NaN
541.000000	781.250000	0.000000	675.675676	0.000000	781.211100	50.146011	50.101655	-0.006213	0.000003	0.000474	-0.000266	0.000000	NaN	NaN	NaN	NaN	NaN	NaN	NaN
542.000000	781.250000	0.000000	684.931507	0.000000	781.211100	50.167625	50.103900	-0.006327	0.000064	0.000634	-0.000293	0.000000	NaN	NaN	NaN	NaN	NaN	NaN	NaN
543.000000	781.250000	0.000000	694.444444	0.000000	781.211100	50.174959	50.169462	-0.006483	-0.000189	0.000459	-0.000299	0.000000	NaN	NaN	NaN	NaN	NaN	NaN	NaN
544.000000	781.250000	0.000000	704.225352	0.000000	781.211100	50.209890	50.085709	-0.006493	0.000054	0.000619	-0.000298	0.000000	NaN	NaN	NaN	NaN	NaN	NaN	NaN
545.000000	781.250000	0.000000	714.285714	0.000000	781.211100	50.148952	50.097155	-0.006362	-0.000231	0.000605	-0.000298	0.000000	NaN	NaN	NaN	NaN	NaN	NaN	NaN
546.000000	781.250000	0.000000	724.637681	0.000000	781.211100	50.155589	50.161640	-0.006526	0.000018	0.000668	-0.000267	0.000000	NaN	NaN	NaN	NaN	NaN	NaN	NaN
547.000000	781.250000	0.000000	735.294118	0.000000	781.211100	50.105241	50.071606	-0.006945	0.000152	0.000640	-0.000278	0.000000	NaN	NaN	NaN	NaN	NaN	NaN	NaN
548.000000	781.250000	0.000000	746.268657	0.000000	781.211100	50.114821	50.155340	-0.006889	0.000080	0.000776	-0.000269	0.000000	NaN	NaN	NaN	NaN	NaN	NaN	NaN
549.000000	781.250000	0.000000	757.575758	0.000000	781.211100	50.095077	50.177595	-0.007167	0.000112	0.000487	-0.000267	0.000000	NaN	NaN	NaN	NaN	NaN	NaN	NaN
550.000000	781.250000	0.000000	769.230769	0.000000	781.211100	50.081022	50.116287	-0.006161	-0.000013	0.000611	-0.000296	0.000000	NaN	NaN	NaN	NaN	NaN	NaN	NaN
551.000000	781.250000	0.000000	781.250000	0.000000	781.211100	50.196792	50.204778	-0.005137	-0.000001	0.000740	-0.000276	0.000000	NaN	NaN	NaN	NaN	NaN	NaN	NaN
552.000000	781.250000	0.000000	793.650794	0.000000	781.211100	50.177036	50.179078	-0.005886	0.000104	0.000273	-0.000296	0.000000	NaN	NaN	NaN	NaN	NaN	NaN	NaN
553.000000	793.650794	0.000000	581.395349	0.000000	793.627700	50.145235	50.154682	-0.007136	-0.000264	0.000502	-0.000300	0.000000	NaN	NaN	NaN	NaN	NaN	NaN	NaN
554.000000	793.650794	0.000000	588.235294	0.000000	793.627700	50.049353	50.064887	-0.006638	-0.000075	0.000782	-0.000283	0.000000	NaN	NaN	NaN	NaN	NaN	NaN	NaN
555.000000	793.650794	0.000000	595.238095	0.000000	793.627700	50.152241	50.206179	-0.007133	0.000235	0.000758	-0.000303	0.000000	NaN	NaN	NaN	NaN	NaN	NaN	NaN
556.000000	793.650794	0.000000	602.409639	0.000000	793.627700	50.218342	50.179450	-0.006834	-0.000139	0.000624	-0.000299	0.000000	NaN	NaN	NaN	NaN	NaN	NaN	NaN
557.000000	793.650794	0.000000	609.756098	0.000000	793.627700	50.173088	50.170436	-0.006865	0.000020	0.000588	-0.000274	0.000000	NaN	NaN	NaN	NaN	NaN	NaN	NaN
558.000000	793.650794	0.000000	617.283951	0.000000	793.627700	50.101701	50.133652	-0.006975	-0.000156	0.000568	-0.000265	0.000000	NaN	NaN	NaN	NaN	NaN	NaN	NaN
559.000000	793.650794	0.000000	625.000000	0.000000	793.627700	50.059480	50.187332	-0.006779	0.000005	0.000560	-0.000306	0.000000	NaN	NaN	NaN	NaN	NaN	NaN	NaN
560.000000	793.650794	0.000000	632.911392	0.000000	793.627700	50.124737	50.124996	-0.006840	-0.000060	0.000614	-0.000286	0.000000	NaN	NaN	NaN	NaN	NaN	NaN	NaN
561.000000	793.650794	0.000000	641.025641	0.000000	793.627700	50.205072	50.135482	-0.006129	-0.000165	0.000479	-0.000297	0.000000	NaN	NaN	NaN	NaN	NaN	NaN	NaN
562.000000	793.650794	0.000000	649.350649	0.000000	793.627700	50.156520	50.097677	-0.005915	-0.000162	0.000527	-0.000281	0.000000	NaN	NaN	NaN	NaN	NaN	NaN	NaN
563.000000	793.650794	0.000000	657.894737	0.000000	793.627700	50.214884	50.099911	-0.006477	-0.000021	0.000506	-0.000292	0.000000	NaN	NaN	NaN	NaN	NaN	NaN	NaN
564.000000	793.650794	0.000000	666.666667	0.000000	793.627700	50.172983	50.176730	-0.006512	0.000058	0.000698	-0.000273	0.000000	NaN	NaN	NaN	NaN	NaN	NaN	NaN
565.000000	793.650794	0.000000	675.675676	0.000000	793.627700	50.120954	50.143310	-0.006150	-0.000131	0.000731	-0.000277	0.000000	NaN	NaN	NaN	NaN	NaN	NaN	NaN
566.000000	793.650794	0.000000	684.931507	0.000000	793.627700	50.075854	50.145556	-0.006138	-0.000108	0.000721	-0.000292	0.000000	NaN	NaN	NaN	NaN	NaN	NaN	NaN
567.000000	793.650794	0.000000	694.444444	0.000000	793.627700	50.083189	50.144405	-0.006425	0.000152	0.000653	-0.000315	0.000000	NaN	NaN	NaN	NaN	NaN	NaN	NaN
568.000000	793.650794	0.000000	704.225352	0.000000	793.627700	50.118120	50.127365	-0.006588	-0.000112	0.000819	-0.000291	0.000000	NaN	NaN	NaN	NaN	NaN	NaN	NaN
569.000000	793.650794	0.000000	714.285714	0.000000	793.627700	50.123895	50.138810	-0.006539	-0.000105	0.000923	-0.000262	0.000000	NaN	NaN	NaN	NaN	NaN	NaN	NaN
570.000000	793.650794	0.000000	724.637681	0.000000	793.627700	50.197244	50.136583	-0.006473	-0.000185	0.000656	-0.000306	0.000000	NaN	NaN	NaN	NaN	NaN	NaN	NaN
571.000000	793.650794	0.000000	735.294118	0.000000	793.627700	50.146896	50.113261	-0.007190	0.000021	0.000684	-0.000287	0.000000	NaN	NaN	NaN	NaN	NaN	NaN	NaN
572.000000	793.650794	0.000000	746.268657	0.000000	793.627700	50.156477	50.130283	-0.007047	-0.000024	0.000619	-0.000287	0.000000	NaN	NaN	NaN	NaN	NaN	NaN	NaN
573.000000	793.650794	0.000000	757.575758	0.000000	793.627700	50.136732	50.152538	-0.007301	-0.000040	0.000787	-0.000286	0.000000	NaN	NaN	NaN	NaN	NaN	NaN	NaN
574.000000	793.650794	0.000000	769.230769	0.000000	793.627700	50.122678	50.091230	-0.007101	-0.000286	0.000879	-0.000279	0.000000	NaN	NaN	NaN	NaN	NaN	NaN	NaN
575.000000	793.650794	0.000000	781.250000	0.000000	793.627700	50.105022	50.179720	-0.006817	0.000089	0.000560	-0.000294	0.000000	NaN	NaN	NaN	NaN	NaN	NaN	NaN
576.000000	793.650794	0.000000	793.650794	0.000000	793.627700	50.085266	50.220734	-0.005998	0.000071	0.000665	-0.000282	0.000000	NaN	NaN	NaN	NaN	NaN	NaN	NaN
