1.000000	581.395349	0.000000	581.395349	0.000000	581.442000	-24.943001	-24.800128	0.149326	-0.000219	0.000644	-0.000268	0.000000	NaN	NaN	NaN	NaN	NaN	NaN	NaN
2.000000	581.395349	0.000000	588.235294	0.000000	581.442000	-24.905457	-24.889924	0.223326	-0.000090	0.000665	-0.000283	0.000000	NaN	NaN	NaN	NaN	NaN	NaN	NaN
3.000000	581.395349	0.000000	595.238095	0.000000	581.442000	-24.935995	-24.882057	0.070857	-0.000050	0.000483	-0.000273	0.000000	NaN	NaN	NaN	NaN	NaN	NaN	NaN
4.000000	581.395349	0.000000	602.409639	0.000000	581.442000	-24.869894	-24.908786	0.157812	-0.000169	0.000617	-0.000281	0.000000	NaN	NaN	NaN	NaN	NaN	NaN	NaN
5.000000	581.395349	0.000000	609.756098	0.000000	581.442000	-24.915149	-24.784375	0.243822	-0.000235	0.000747	-0.000299	0.000000	NaN	NaN	NaN	NaN	NaN	NaN	NaN
6.000000	581.395349	0.000000	617.283951	0.000000	581.442000	-24.853109	-24.821158	0.246286	-0.000150	0.000718	-0.000257	0.000000	NaN	NaN	NaN	NaN	NaN	NaN	NaN
7.000000	581.395349	0.000000	625.000000	0.000000	581.442000	-24.895330	-24.900904	0.246778	-0.000286	0.000562	-0.000308	0.000000	NaN	NaN	NaN	NaN	NaN	NaN	NaN
8.000000	581.395349	0.000000	632.911392	0.000000	581.442000	-24.963499	-24.829815	0.230588	-0.000346	0.000645	-0.000288	0.000000	NaN	NaN	NaN	NaN	NaN	NaN	NaN
9.000000	581.395349	0.000000	641.025641	0.000000	581.442000	-24.883164	-24.819328	0.280369	-0.000269	0.000641	-0.000299	0.000000	NaN	NaN	NaN	NaN	NaN	NaN	NaN
10.000000	581.395349	0.000000	649.350649	0.000000	581.442000	-24.931716	-24.857133	0.238714	-0.000052	0.000676	-0.000277	0.000000	NaN	NaN	NaN	NaN	NaN	NaN	NaN
11.000000	581.395349	0.000000	657.894737	0.000000	581.442000	-24.873352	-24.854899	0.151060	-0.000278	0.000666	-0.000288	0.000000	NaN	NaN	NaN	NaN	NaN	NaN	NaN
12.000000	581.395349	0.000000	666.666667	0.000000	581.442000	-24.915253	-24.911507	0.121983	-0.000470	0.000935	-0.000281	0.000000	NaN	NaN	NaN	NaN	NaN	NaN	NaN
13.000000	581.395349	0.000000	675.675676	0.000000	581.442000	-24.967282	-24.811500	0.102163	-0.000225	0.000643	-0.000305	0.000000	NaN	NaN	NaN	NaN	NaN	NaN	NaN
14.000000	581.395349	0.000000	684.931507	0.000000	581.442000	-24.878956	-24.809255	0.113366	-0.000205	0.000802	-0.000265	0.000000	NaN	NaN	NaN	NaN	NaN	NaN	NaN
15.000000	581.395349	0.000000	694.444444	0.000000	581.442000	-24.871621	-24.810406	0.107829	-0.000120	0.000643	-0.000268	0.000000	NaN	NaN	NaN	NaN	NaN	NaN	NaN
16.000000	581.395349	0.000000	704.225352	0.000000	581.442000	-24.836691	-24.827446	0.102883	-0.000161	0.000606	-0.000286	0.000000	NaN	NaN	NaN	NaN	NaN	NaN	NaN
17.000000	581.395349	0.000000	714.285714	0.000000	581.442000	-24.964341	-24.816000	0.083693	-0.000110	0.000723	-0.000286	0.000000	NaN	NaN	NaN	NaN	NaN	NaN	NaN
18.000000	581.395349	0.000000	724.637681	0.000000	581.442000	-24.890992	-24.818227	0.078254	-0.000327	0.000631	-0.000266	0.000000	NaN	NaN	NaN	NaN	NaN	NaN	NaN
19.000000	581.395349	0.000000	735.294118	0.000000	581.442000	-24.941340	-24.841549	0.074839	0.000074	0.000622	-0.000274	0.000000	NaN	NaN	NaN	NaN	NaN	NaN	NaN
20.000000	581.395349	0.000000	746.268657	0.000000	581.442000	-24.931759	-24.824528	0.061297	-0.000065	0.000506	-0.000291	0.000000	NaN	NaN	NaN	NaN	NaN	NaN	NaN
21.000000	581.395349	0.000000	757.575758	0.000000	581.442000	-24.951504	-24.802273	0.053622	0.000086	0.000665	-0.000275	0.000000	NaN	NaN	NaN	NaN	NaN	NaN	NaN
22.000000	581.395349	0.000000	769.230769	0.000000	581.442000	-24.965559	-24.863581	0.036376	0.000061	0.000815	-0.000281	0.000000	NaN	NaN	NaN	NaN	NaN	NaN	NaN
23.000000	581.395349	0.000000	781.250000	0.000000	581.442000	-24.849788	-24.908516	0.020697	-0.000043	0.000696	-0.000278	0.000000	NaN	NaN	NaN	NaN	NaN	NaN	NaN
24.000000	581.395349	0.000000	793.650794	0.000000	581.442000	-24.869545	-24.867502	0.022411	-0.000148	0.000533	-0.000254	0.000000	NaN	NaN	NaN	NaN	NaN	NaN	NaN
25.000000	588.235294	0.000000	581.395349	0.000000	588.238500	-24.886101	-24.876654	0.136040	-0.000292	0.000644	-0.000299	0.000000	NaN	NaN	NaN	NaN	NaN	NaN	NaN
26.000000	588.235294	0.000000	588.235294	0.000000	588.238500	-24.848557	-24.833024	0.184260	0.000193	0.000629	-0.000293	0.000000	NaN	NaN	NaN	NaN	NaN	NaN	NaN
27.000000	588.235294	0.000000	595.238095	0.000000	588.238500	-24.879095	-24.825157	0.073793	0.000031	0.000759	-0.000268	0.000000	NaN	NaN	NaN	NaN	NaN	NaN	NaN
28.000000	588.235294	0.000000	602.409639	0.000000	588.238500	-24.946420	-24.851886	0.195648	-0.000088	0.000646	-0.000278	0.000000	NaN	NaN	NaN	NaN	NaN	NaN	NaN
29.000000	588.235294	0.000000	609.756098	0.000000	588.238500	-24.858248	-24.860900	0.237841	-0.000226	0.000566	-0.000282	0.000000	NaN	NaN	NaN	NaN	NaN	NaN	NaN
30.000000	588.235294	0.000000	617.283951	0.000000	588.238500	-24.929635	-24.897684	0.255838	-0.000192	0.000626	-0.000278	0.000000	NaN	NaN	NaN	NaN	NaN	NaN	NaN
31.000000	588.235294	0.000000	625.000000	0.000000	588.238500	-24.905143	-24.844004	0.260956	-0.000098	0.000715	-0.000287	0.000000	NaN	NaN	NaN	NaN	NaN	NaN	NaN
32.000000	588.235294	0.000000	632.911392	0.000000	588.238500	-24.906599	-24.906340	0.230360	-0.000335	0.000564	-0.000267	0.000000	NaN	NaN	NaN	NaN	NaN	NaN	NaN
33.000000	588.235294	0.000000	641.025641	0.000000	588.238500	-24.826264	-24.895854	0.281795	-0.000232	0.000627	-0.000290	0.000000	NaN	NaN	NaN	NaN	NaN	NaN	NaN
34.000000	588.235294	0.000000	649.350649	0.000000	588.238500	-24.874816	-24.800233	0.235263	-0.000012	0.000777	-0.000291	0.000000	NaN	NaN	NaN	NaN	NaN	NaN	NaN
35.000000	588.235294	0.000000	657.894737	0.000000	588.238500	-24.949877	-24.797999	0.150555	-0.000167	0.000744	-0.000292	0.000000	NaN	NaN	NaN	NaN	NaN	NaN	NaN
36.000000	588.235294	0.000000	666.666667	0.000000	588.238500	-24.858353	-24.854606	0.118976	0.000070	0.000800	-0.000316	0.000000	NaN	NaN	NaN	NaN	NaN	NaN	NaN
37.000000	588.235294	0.000000	675.675676	0.000000	588.238500	-24.910382	-24.888026	0.100196	-0.000133	0.000584	-0.000271	0.000000	NaN	NaN	NaN	NaN	NaN	NaN	NaN
38.000000	588.235294	0.000000	684.931507	0.000000	588.238500	-24.955482	-24.885780	0.120906	-0.000032	0.000696	-0.000291	0.000000	NaN	NaN	NaN	NaN	NaN	NaN	NaN
39.000000	588.235294	0.000000	694.444444	0.000000	588.238500	-24.948147	-24.886931	0.104814	-0.000308	0.000655	-0.000258	0.000000	NaN	NaN	NaN	NaN	NaN	NaN	NaN
40.000000	588.235294	0.000000	704.225352	0.000000	588.238500	-24.913216	-24.903971	0.105992	0.000076	0.000731	-0.000286	0.000000	NaN	NaN	NaN	NaN	NaN	NaN	NaN
41.000000	588.235294	0.000000	714.285714	0.000000	588.238500	-24.907441	-24.759100	0.092470	-0.000079	0.000543	-0.000262	0.000000	NaN	NaN	NaN	NaN	NaN	NaN	NaN
42.000000	588.235294	0.000000	724.637681	0.000000	588.238500	-24.967517	-24.894753	0.079218	-0.000208	0.000470	-0.000280	0.000000	NaN	NaN	NaN	NaN	NaN	NaN	NaN
43.000000	588.235294	0.000000	735.294118	0.000000	588.238500	-24.884440	-24.784649	0.081525	-0.000111	0.000694	-0.000299	0.000000	NaN	NaN	NaN	NaN	NaN	NaN	NaN
44.000000	588.235294	0.000000	746.268657	0.000000	588.238500	-24.874859	-24.901053	0.063902	-0.000157	0.000686	-0.000271	0.000000	NaN	NaN	NaN	NaN	NaN	NaN	NaN
45.000000	588.235294	0.000000	757.575758	0.000000	588.238500	-24.894604	-24.878798	0.053236	-0.000242	0.000761	-0.000271	0.000000	NaN	NaN	NaN	NaN	NaN	NaN	NaN
46.000000	588.235294	0.000000	769.230769	0.000000	588.238500	-24.908658	-24.806681	0.035666	-0.000141	0.000818	-0.000285	0.000000	NaN	NaN	NaN	NaN	NaN	NaN	NaN
47.000000	588.235294	0.000000	781.250000	0.000000	588.238500	-24.926314	-24.851616	0.026077	-0.000165	0.000727	-0.000280	0.000000	NaN	NaN	NaN	NaN	NaN	NaN	NaN
48.000000	588.235294	0.000000	793.650794	0.000000	588.238500	-24.946070	-24.810602	0.022733	-0.000192	0.000537	-0.000283	0.000000	NaN	NaN	NaN	NaN	NaN	NaN	NaN
49.000000	595.238095	0.000000	581.395349	0.000000	595.240400	-24.894603	-24.885156	0.096278	-0.000000	0.000720	-0.000274	0.000000	NaN	NaN	NaN	NaN	NaN	NaN	NaN
50.000000	595.238095	0.000000	588.235294	0.000000	595.240400	-24.857060	-24.841526	0.132704	-0.000147	0.000470	-0.000269	0.000000	NaN	NaN	NaN	NaN	NaN	NaN	NaN
51.000000	595.238095	0.000000	595.238095	0.000000	595.240400	-24.887598	-24.833660	0.058090	-0.000004	0.000693	-0.000288	0.000000	NaN	NaN	NaN	NaN	NaN	NaN	NaN
52.000000	595.238095	0.000000	602.409639	0.000000	595.240400	-24.954922	-24.860389	0.172876	-0.000283	0.000514	-0.000298	0.000000	NaN	NaN	NaN	NaN	NaN	NaN	NaN
53.000000	595.238095	0.000000	609.756098	0.000000	595.240400	-24.866751	-24.869403	0.204526	-0.000265	0.000746	-0.000289	0.000000	NaN	NaN	NaN	NaN	NaN	NaN	NaN
54.000000	595.238095	0.000000	617.283951	0.000000	595.240400	-24.938137	-24.906186	0.192462	-0.000225	0.000671	-0.000281	0.000000	NaN	NaN	NaN	NaN	NaN	NaN	NaN
55.000000	595.238095	0.000000	625.000000	0.000000	595.240400	-24.913646	-24.852507	0.203285	-0.000177	0.000701	-0.000274	0.000000	NaN	NaN	NaN	NaN	NaN	NaN	NaN
56.000000	595.238095	0.000000	632.911392	0.000000	595.240400	-24.915102	-24.914843	0.185757	-0.000180	0.000601	-0.000278	0.000000	NaN	NaN	NaN	NaN	NaN	NaN	NaN
57.000000	595.238095	0.000000	641.025641	0.000000	595.240400	-24.834767	-24.904356	0.207494	-0.000376	0.000355	-0.000275	0.000000	NaN	NaN	NaN	NaN	NaN	NaN	NaN
58.000000	595.238095	0.000000	649.350649	0.000000	595.240400	-24.883319	-24.808736	0.171442	-0.000244	0.000510	-0.000298	0.000000	NaN	NaN	NaN	NaN	NaN	NaN	NaN
59.000000	595.238095	0.000000	657.894737	0.000000	595.240400	-24.958380	-24.806502	0.121588	-0.000096	0.000692	-0.000279	0.000000	NaN	NaN	NaN	NaN	NaN	NaN	NaN
60.000000	595.238095	0.000000	666.666667	0.000000	595.240400	-24.866856	-24.796396	0.091470	0.000079	0.000657	-0.000284	0.000000	NaN	NaN	NaN	NaN	NaN	NaN	NaN
61.000000	595.238095	0.000000	675.675676	0.000000	595.240400	-24.918885	-24.896529	0.084457	-0.000029	0.000839	-0.000277	0.000000	NaN	NaN	NaN	NaN	NaN	NaN	NaN
62.000000	595.238095	0.000000	684.931507	0.000000	595.240400	-24.963984	-24.894283	0.104120	-0.000199	0.000710	-0.000297	0.000000	NaN	NaN	NaN	NaN	NaN	NaN	NaN
63.000000	595.238095	0.000000	694.444444	0.000000	595.240400	-24.956650	-24.828721	0.091695	-0.000175	0.000881	-0.000256	0.000000	NaN	NaN	NaN	NaN	NaN	NaN	NaN
64.000000	595.238095	0.000000	704.225352	0.000000	595.240400	-24.921719	-24.912474	0.093416	-0.000056	0.000670	-0.000286	0.000000	NaN	NaN	NaN	NaN	NaN	NaN	NaN
65.000000	595.238095	0.000000	714.285714	0.000000	595.240400	-24.915944	-24.901029	0.084440	-0.000158	0.000772	-0.000281	0.000000	NaN	NaN	NaN	NaN	NaN	NaN	NaN
66.000000	595.238095	0.000000	724.637681	0.000000	595.240400	-24.976020	-24.836543	0.073631	-0.000189	0.000806	-0.000286	0.000000	NaN	NaN	NaN	NaN	NaN	NaN	NaN
67.000000	595.238095	0.000000	735.294118	0.000000	595.240400	-24.892942	-24.793152	0.066273	-0.000248	0.000474	-0.000278	0.000000	NaN	NaN	NaN	NaN	NaN	NaN	NaN
68.000000	595.238095	0.000000	746.268657	0.000000	595.240400	-24.883362	-24.909556	0.058087	-0.000165	0.000723	-0.000287	0.000000	NaN	NaN	NaN	NaN	NaN	NaN	NaN
69.000000	595.238095	0.000000	757.575758	0.000000	595.240400	-24.903106	-24.820588	0.046739	-0.000107	0.000521	-0.000273	0.000000	NaN	NaN	NaN	NaN	NaN	NaN	NaN
70.000000	595.238095	0.000000	769.230769	0.000000	595.240400	-24.917161	-24.815184	0.029253	0.000005	0.000666	-0.000294	0.000000	NaN	NaN	NaN	NaN	NaN	NaN	NaN
71.000000	595.238095	0.000000	781.250000	0.000000	595.240400	-24.934817	-24.793406	0.019748	-0.000141	0.000666	-0.000295	0.000000	NaN	NaN	NaN	NaN	NaN	NaN	NaN
72.000000	595.238095	0.000000	793.650794	0.000000	595.240400	-24.954573	-24.819105	0.017455	0.000023	0.000843	-0.000279	0.000000	NaN	NaN	NaN	NaN	NaN	NaN	NaN
73.000000	602.409639	0.000000	581.395349	0.000000	602.447300	-24.963720	-24.754135	0.045592	-0.000072	0.000776	-0.000290	0.000000	NaN	NaN	NaN	NaN	NaN	NaN	NaN
74.000000	602.409639	0.000000	588.235294	0.000000	602.447300	-24.926177	-24.843930	0.062281	-0.000279	0.000533	-0.000286	0.000000	NaN	NaN	NaN	NaN	NaN	NaN	NaN
75.000000	602.409639	0.000000	595.238095	0.000000	602.447300	-24.890002	-24.902777	0.038262	-0.000181	0.000517	-0.000285	0.000000	NaN	NaN	NaN	NaN	NaN	NaN	NaN
76.000000	602.409639	0.000000	602.409639	0.000000	602.447300	-24.890614	-24.862793	0.097958	-0.000146	0.000472	-0.000278	0.000000	NaN	NaN	NaN	NaN	NaN	NaN	NaN
77.000000	602.409639	0.000000	609.756098	0.000000	602.447300	-24.869155	-24.805094	0.150136	-0.000057	0.000584	-0.000282	0.000000	NaN	NaN	NaN	NaN	NaN	NaN	NaN
78.000000	602.409639	0.000000	617.283951	0.000000	602.447300	-24.940541	-24.775165	0.139459	0.000004	0.000609	-0.000265	0.000000	NaN	NaN	NaN	NaN	NaN	NaN	NaN
79.000000	602.409639	0.000000	625.000000	0.000000	602.447300	-24.849337	-24.854911	0.129503	-0.000137	0.000876	-0.000291	0.000000	NaN	NaN	NaN	NaN	NaN	NaN	NaN
80.000000	602.409639	0.000000	632.911392	0.000000	602.447300	-24.917506	-24.850534	0.134999	-0.000335	0.000762	-0.000274	0.000000	NaN	NaN	NaN	NaN	NaN	NaN	NaN
81.000000	602.409639	0.000000	641.025641	0.000000	602.447300	-24.903883	-24.840048	0.140222	-0.000272	0.000666	-0.000303	0.000000	NaN	NaN	NaN	NaN	NaN	NaN	NaN
82.000000	602.409639	0.000000	649.350649	0.000000	602.447300	-24.952435	-24.811140	0.101787	-0.000329	0.000527	-0.000271	0.000000	NaN	NaN	NaN	NaN	NaN	NaN	NaN
83.000000	602.409639	0.000000	657.894737	0.000000	602.447300	-24.894071	-24.875619	0.079491	-0.000090	0.000601	-0.000309	0.000000	NaN	NaN	NaN	NaN	NaN	NaN	NaN
84.000000	602.409639	0.000000	666.666667	0.000000	602.447300	-24.935972	-24.865513	0.063472	-0.000156	0.000686	-0.000298	0.000000	NaN	NaN	NaN	NaN	NaN	NaN	NaN
85.000000	602.409639	0.000000	675.675676	0.000000	602.447300	-24.921289	-24.832220	0.056578	-0.000171	0.000829	-0.000282	0.000000	NaN	NaN	NaN	NaN	NaN	NaN	NaN
86.000000	602.409639	0.000000	684.931507	0.000000	602.447300	-24.832963	-24.829974	0.068818	-0.000239	0.000605	-0.000294	0.000000	NaN	NaN	NaN	NaN	NaN	NaN	NaN
87.000000	602.409639	0.000000	694.444444	0.000000	602.447300	-24.892341	-24.764413	0.065134	-0.000149	0.000687	-0.000294	0.000000	NaN	NaN	NaN	NaN	NaN	NaN	NaN
88.000000	602.409639	0.000000	704.225352	0.000000	602.447300	-24.857410	-24.848165	0.063997	0.000011	0.000541	-0.000274	0.000000	NaN	NaN	NaN	NaN	NaN	NaN	NaN
89.000000	602.409639	0.000000	714.285714	0.000000	602.447300	-24.918348	-24.836720	0.053976	-0.000301	0.000751	-0.000282	0.000000	NaN	NaN	NaN	NaN	NaN	NaN	NaN
90.000000	602.409639	0.000000	724.637681	0.000000	602.447300	-24.911711	-24.772234	0.041563	-0.000275	0.000745	-0.000290	0.000000	NaN	NaN	NaN	NaN	NaN	NaN	NaN
91.000000	602.409639	0.000000	735.294118	0.000000	602.447300	-24.962059	-24.995695	0.047629	-0.000130	0.000608	-0.000293	0.000000	NaN	NaN	NaN	NaN	NaN	NaN	NaN
92.000000	602.409639	0.000000	746.268657	0.000000	602.447300	-24.952479	-24.778535	0.037022	0.000114	0.000635	-0.000286	0.000000	NaN	NaN	NaN	NaN	NaN	NaN	NaN
93.000000	602.409639	0.000000	757.575758	0.000000	602.447300	-24.972223	-24.889705	0.023027	0.000140	0.000640	-0.000284	0.000000	NaN	NaN	NaN	NaN	NaN	NaN	NaN
94.000000	602.409639	0.000000	769.230769	0.000000	602.447300	-24.919565	-24.817588	0.017200	-0.000046	0.000553	-0.000273	0.000000	NaN	NaN	NaN	NaN	NaN	NaN	NaN
95.000000	602.409639	0.000000	781.250000	0.000000	602.447300	-24.870508	-24.862522	0.007698	0.000029	0.000773	-0.000283	0.000000	NaN	NaN	NaN	NaN	NaN	NaN	NaN
96.000000	602.409639	0.000000	793.650794	0.000000	602.447300	-24.823552	-24.888222	0.005645	-0.000043	0.000792	-0.000282	0.000000	NaN	NaN	NaN	NaN	NaN	NaN	NaN
97.000000	609.756098	0.000000	581.395349	0.000000	609.756400	-24.884401	-24.874955	0.039804	-0.000039	0.000649	-0.000278	0.000000	NaN	NaN	NaN	NaN	NaN	NaN	NaN
98.000000	609.756098	0.000000	588.235294	0.000000	609.756400	-24.846858	-24.831325	0.041386	-0.000071	0.000546	-0.000264	0.000000	NaN	NaN	NaN	NaN	NaN	NaN	NaN
99.000000	609.756098	0.000000	595.238095	0.000000	609.756400	-24.877396	-24.823458	0.028084	0.000019	0.000688	-0.000269	0.000000	NaN	NaN	NaN	NaN	NaN	NaN	NaN
100.000000	609.756098	0.000000	602.409639	0.000000	609.756400	-24.944721	-24.850187	0.111550	-0.000190	0.000932	-0.000272	0.000000	NaN	NaN	NaN	NaN	NaN	NaN	NaN
101.000000	609.756098	0.000000	609.756098	0.000000	609.756400	-24.856549	-24.859201	0.186939	-0.000233	0.000696	-0.000299	0.000000	NaN	NaN	NaN	NaN	NaN	NaN	NaN
102.000000	609.756098	0.000000	617.283951	0.000000	609.756400	-24.927935	-24.895984	0.215599	-0.000265	0.000551	-0.000287	0.000000	NaN	NaN	NaN	NaN	NaN	NaN	NaN
103.000000	609.756098	0.000000	625.000000	0.000000	609.756400	-24.903444	-24.842305	0.173471	-0.000346	0.000800	-0.000290	0.000000	NaN	NaN	NaN	NaN	NaN	NaN	NaN
104.000000	609.756098	0.000000	632.911392	0.000000	609.756400	-24.904900	-24.904641	0.158252	-0.000094	0.000475	-0.000278	0.000000	NaN	NaN	NaN	NaN	NaN	NaN	NaN
105.000000	609.756098	0.000000	641.025641	0.000000	609.756400	-24.957990	-24.894154	0.159974	-0.000030	0.000671	-0.000303	0.000000	NaN	NaN	NaN	NaN	NaN	NaN	NaN
106.000000	609.756098	0.000000	649.350649	0.000000	609.756400	-24.873117	-24.865247	0.129860	0.000002	0.000374	-0.000264	0.000000	NaN	NaN	NaN	NaN	NaN	NaN	NaN
107.000000	609.756098	0.000000	657.894737	0.000000	609.756400	-24.948178	-24.796300	0.100942	-0.000294	0.000508	-0.000283	0.000000	NaN	NaN	NaN	NaN	NaN	NaN	NaN
108.000000	609.756098	0.000000	666.666667	0.000000	609.756400	-24.856654	-24.786195	0.087812	-0.000302	0.000683	-0.000308	0.000000	NaN	NaN	NaN	NaN	NaN	NaN	NaN
109.000000	609.756098	0.000000	675.675676	0.000000	609.756400	-24.908683	-24.886327	0.078645	-0.000158	0.000603	-0.000291	0.000000	NaN	NaN	NaN	NaN	NaN	NaN	NaN
110.000000	609.756098	0.000000	684.931507	0.000000	609.756400	-24.953782	-24.884081	0.086075	-0.000067	0.000780	-0.000258	0.000000	NaN	NaN	NaN	NaN	NaN	NaN	NaN
111.000000	609.756098	0.000000	694.444444	0.000000	609.756400	-24.946448	-24.818519	0.087928	-0.000057	0.000498	-0.000274	0.000000	NaN	NaN	NaN	NaN	NaN	NaN	NaN
112.000000	609.756098	0.000000	704.225352	0.000000	609.756400	-24.911517	-24.902272	0.089895	-0.000273	0.000640	-0.000291	0.000000	NaN	NaN	NaN	NaN	NaN	NaN	NaN
113.000000	609.756098	0.000000	714.285714	0.000000	609.756400	-24.905742	-24.890827	0.075485	-0.000114	0.000649	-0.000289	0.000000	NaN	NaN	NaN	NaN	NaN	NaN	NaN
114.000000	609.756098	0.000000	724.637681	0.000000	609.756400	-24.965818	-24.826341	0.065168	-0.000046	0.000752	-0.000272	0.000000	NaN	NaN	NaN	NaN	NaN	NaN	NaN
115.000000	609.756098	0.000000	735.294118	0.000000	609.756400	-24.882741	-24.782950	0.069710	-0.000135	0.000834	-0.000270	0.000000	NaN	NaN	NaN	NaN	NaN	NaN	NaN
116.000000	609.756098	0.000000	746.268657	0.000000	609.756400	-24.873160	-24.899354	0.048747	-0.000102	0.000736	-0.000264	0.000000	NaN	NaN	NaN	NaN	NaN	NaN	NaN
117.000000	609.756098	0.000000	757.575758	0.000000	609.756400	-24.892905	-24.810386	0.039346	-0.000151	0.000661	-0.000295	0.000000	NaN	NaN	NaN	NaN	NaN	NaN	NaN
118.000000	609.756098	0.000000	769.230769	0.000000	609.756400	-24.906959	-24.804982	0.029542	-0.000015	0.000546	-0.000307	0.000000	NaN	NaN	NaN	NaN	NaN	NaN	NaN
119.000000	609.756098	0.000000	781.250000	0.000000	609.756400	-24.924615	-24.783204	0.014914	-0.000013	0.000590	-0.000283	0.000000	NaN	NaN	NaN	NaN	NaN	NaN	NaN
120.000000	609.756098	0.000000	793.650794	0.000000	609.756400	-24.944371	-24.808903	0.013779	-0.000074	0.000565	-0.000298	0.000000	NaN	NaN	NaN	NaN	NaN	NaN	NaN
121.000000	617.283951	0.000000	581.395349	0.000000	617.270600	-24.893050	-24.816890	0.041455	-0.000244	0.000510	-0.000315	0.000000	NaN	NaN	NaN	NaN	NaN	NaN	NaN
122.000000	617.283951	0.000000	588.235294	0.000000	617.270600	-24.988932	-24.773260	0.044479	-0.000214	0.000651	-0.000294	0.000000	NaN	NaN	NaN	NaN	NaN	NaN	NaN
123.000000	617.283951	0.000000	595.238095	0.000000	617.270600	-24.819331	-24.832106	0.022102	-0.000015	0.000641	-0.000286	0.000000	NaN	NaN	NaN	NaN	NaN	NaN	NaN
124.000000	617.283951	0.000000	602.409639	0.000000	617.270600	-24.953369	-24.792122	0.095054	-0.000212	0.000598	-0.000282	0.000000	NaN	NaN	NaN	NaN	NaN	NaN	NaN
125.000000	617.283951	0.000000	609.756098	0.000000	617.270600	-24.931910	-24.867849	0.172301	-0.000067	0.000761	-0.000285	0.000000	NaN	NaN	NaN	NaN	NaN	NaN	NaN
126.000000	617.283951	0.000000	617.283951	0.000000	617.270600	-24.869871	-24.837920	0.215252	-0.000176	0.000768	-0.000296	0.000000	NaN	NaN	NaN	NaN	NaN	NaN	NaN
127.000000	617.283951	0.000000	625.000000	0.000000	617.270600	-24.912092	-24.784240	0.224101	-0.000249	0.000681	-0.000278	0.000000	NaN	NaN	NaN	NaN	NaN	NaN	NaN
128.000000	617.283951	0.000000	632.911392	0.000000	617.270600	-24.846835	-24.913290	0.168219	-0.000241	0.000759	-0.000261	0.000000	NaN	NaN	NaN	NaN	NaN	NaN	NaN
129.000000	617.283951	0.000000	641.025641	0.000000	617.270600	-24.966638	-24.902803	0.175531	-0.000112	0.000641	-0.000266	0.000000	NaN	NaN	NaN	NaN	NaN	NaN	NaN
130.000000	617.283951	0.000000	649.350649	0.000000	617.270600	-24.881765	-24.873895	0.137472	-0.000132	0.000652	-0.000274	0.000000	NaN	NaN	NaN	NaN	NaN	NaN	NaN
131.000000	617.283951	0.000000	657.894737	0.000000	617.270600	-24.956827	-24.804948	0.113515	-0.000085	0.000854	-0.000263	0.000000	NaN	NaN	NaN	NaN	NaN	NaN	NaN
132.000000	617.283951	0.000000	666.666667	0.000000	617.270600	-24.865302	-24.794843	0.095337	-0.000044	0.000771	-0.000282	0.000000	NaN	NaN	NaN	NaN	NaN	NaN	NaN
133.000000	617.283951	0.000000	675.675676	0.000000	617.270600	-24.850618	-24.894975	0.084024	-0.000032	0.000567	-0.000281	0.000000	NaN	NaN	NaN	NaN	NaN	NaN	NaN
134.000000	617.283951	0.000000	684.931507	0.000000	617.270600	-24.895718	-24.892729	0.106748	-0.000072	0.000565	-0.000291	0.000000	NaN	NaN	NaN	NaN	NaN	NaN	NaN
135.000000	617.283951	0.000000	694.444444	0.000000	617.270600	-24.955096	-24.827168	0.098877	-0.000151	0.000614	-0.000248	0.000000	NaN	NaN	NaN	NaN	NaN	NaN	NaN
136.000000	617.283951	0.000000	704.225352	0.000000	617.270600	-24.920165	-24.910920	0.101861	-0.000198	0.000797	-0.000291	0.000000	NaN	NaN	NaN	NaN	NaN	NaN	NaN
137.000000	617.283951	0.000000	714.285714	0.000000	617.270600	-24.847677	-24.899475	0.086422	-0.000186	0.000619	-0.000299	0.000000	NaN	NaN	NaN	NaN	NaN	NaN	NaN
138.000000	617.283951	0.000000	724.637681	0.000000	617.270600	-24.974467	-24.834989	0.080401	-0.000308	0.000703	-0.000306	0.000000	NaN	NaN	NaN	NaN	NaN	NaN	NaN
139.000000	617.283951	0.000000	735.294118	0.000000	617.270600	-24.891389	-24.791598	0.085222	-0.000094	0.000494	-0.000256	0.000000	NaN	NaN	NaN	NaN	NaN	NaN	NaN
140.000000	617.283951	0.000000	746.268657	0.000000	617.270600	-24.881808	-24.841290	0.063708	-0.000024	0.000706	-0.000271	0.000000	NaN	NaN	NaN	NaN	NaN	NaN	NaN
141.000000	617.283951	0.000000	757.575758	0.000000	617.270600	-24.901553	-24.819035	0.054840	-0.000179	0.000708	-0.000311	0.000000	NaN	NaN	NaN	NaN	NaN	NaN	NaN
142.000000	617.283951	0.000000	769.230769	0.000000	617.270600	-24.915608	-24.880343	0.034052	-0.000108	0.000499	-0.000271	0.000000	NaN	NaN	NaN	NaN	NaN	NaN	NaN
143.000000	617.283951	0.000000	781.250000	0.000000	617.270600	-24.933263	-24.791852	0.023999	0.000161	0.000703	-0.000289	0.000000	NaN	NaN	NaN	NaN	NaN	NaN	NaN
144.000000	617.283951	0.000000	793.650794	0.000000	617.270600	-24.886307	-24.817551	0.020352	-0.000064	0.000517	-0.000304	0.000000	NaN	NaN	NaN	NaN	NaN	NaN	NaN
145.000000	625.000000	0.000000	581.395349	0.000000	624.989600	-24.927995	-24.851836	0.033380	-0.000033	0.000672	-0.000265	0.000000	NaN	NaN	NaN	NaN	NaN	NaN	NaN
146.000000	625.000000	0.000000	588.235294	0.000000	624.989600	-24.890452	-24.808206	0.034718	-0.000168	0.000487	-0.000282	0.000000	NaN	NaN	NaN	NaN	NaN	NaN	NaN
147.000000	625.000000	0.000000	595.238095	0.000000	624.989600	-24.854277	-24.867052	0.016065	0.000057	0.000481	-0.000307	0.000000	NaN	NaN	NaN	NaN	NaN	NaN	NaN
148.000000	625.000000	0.000000	602.409639	0.000000	624.989600	-24.988314	-24.827068	0.077890	0.000130	0.000713	-0.000281	0.000000	NaN	NaN	NaN	NaN	NaN	NaN	NaN
149.000000	625.000000	0.000000	609.756098	0.000000	624.989600	-24.900143	-24.902795	0.131696	-0.000200	0.000622	-0.000290	0.000000	NaN	NaN	NaN	NaN	NaN	NaN	NaN
150.000000	625.000000	0.000000	617.283951	0.000000	624.989600	-24.904816	-24.872865	0.183506	0.000021	0.000719	-0.000265	0.000000	NaN	NaN	NaN	NaN	NaN	NaN	NaN
151.000000	625.000000	0.000000	625.000000	0.000000	624.989600	-24.947038	-24.819186	0.231094	0.000065	0.000622	-0.000278	0.000000	NaN	NaN	NaN	NaN	NaN	NaN	NaN
152.000000	625.000000	0.000000	632.911392	0.000000	624.989600	-24.881781	-24.814810	0.233124	-0.000307	0.000576	-0.000262	0.000000	NaN	NaN	NaN	NaN	NaN	NaN	NaN
153.000000	625.000000	0.000000	641.025641	0.000000	624.989600	-24.868158	-24.804323	0.201830	-0.000108	0.000296	-0.000266	0.000000	NaN	NaN	NaN	NaN	NaN	NaN	NaN
154.000000	625.000000	0.000000	649.350649	0.000000	624.989600	-24.916710	-24.775415	0.138480	-0.000198	0.000790	-0.000311	0.000000	NaN	NaN	NaN	NaN	NaN	NaN	NaN
155.000000	625.000000	0.000000	657.894737	0.000000	624.989600	-24.991772	-24.839894	0.103647	0.000011	0.000677	-0.000266	0.000000	NaN	NaN	NaN	NaN	NaN	NaN	NaN
156.000000	625.000000	0.000000	666.666667	0.000000	624.989600	-24.900248	-24.963214	0.094854	-0.000042	0.000507	-0.000279	0.000000	NaN	NaN	NaN	NaN	NaN	NaN	NaN
157.000000	625.000000	0.000000	675.675676	0.000000	624.989600	-24.885564	-24.796495	0.089671	-0.000164	0.000840	-0.000266	0.000000	NaN	NaN	NaN	NaN	NaN	NaN	NaN
158.000000	625.000000	0.000000	684.931507	0.000000	624.989600	-24.930663	-24.927675	0.102064	-0.000039	0.000665	-0.000296	0.000000	NaN	NaN	NaN	NaN	NaN	NaN	NaN
159.000000	625.000000	0.000000	694.444444	0.000000	624.989600	-24.923329	-24.862113	0.101551	-0.000147	0.000515	-0.000281	0.000000	NaN	NaN	NaN	NaN	NaN	NaN	NaN
160.000000	625.000000	0.000000	704.225352	0.000000	624.989600	-24.955111	-24.812440	0.100906	-0.000154	0.000645	-0.000295	0.000000	NaN	NaN	NaN	NaN	NaN	NaN	NaN
161.000000	625.000000	0.000000	714.285714	0.000000	624.989600	-24.882623	-24.800995	0.095683	-0.000208	0.000814	-0.000295	0.000000	NaN	NaN	NaN	NaN	NaN	NaN	NaN
162.000000	625.000000	0.000000	724.637681	0.000000	624.989600	-24.875987	-24.869935	0.082723	-0.000157	0.000529	-0.000272	0.000000	NaN	NaN	NaN	NaN	NaN	NaN	NaN
163.000000	625.000000	0.000000	735.294118	0.000000	624.989600	-24.926334	-24.826544	0.077723	-0.000069	0.000583	-0.000261	0.000000	NaN	NaN	NaN	NaN	NaN	NaN	NaN
164.000000	625.000000	0.000000	746.268657	0.000000	624.989600	-24.916754	-24.809523	0.068836	-0.000265	0.000561	-0.000278	0.000000	NaN	NaN	NaN	NaN	NaN	NaN	NaN
165.000000	625.000000	0.000000	757.575758	0.000000	624.989600	-24.936498	-24.853980	0.052964	-0.000117	0.000540	-0.000252	0.000000	NaN	NaN	NaN	NaN	NaN	NaN	NaN
166.000000	625.000000	0.000000	769.230769	0.000000	624.989600	-24.883840	-24.781863	0.037111	-0.000264	0.000723	-0.000287	0.000000	NaN	NaN	NaN	NaN	NaN	NaN	NaN
167.000000	625.000000	0.000000	781.250000	0.000000	624.989600	-24.968208	-24.826798	0.022982	-0.000237	0.000777	-0.000266	0.000000	NaN	NaN	NaN	NaN	NaN	NaN	NaN
168.000000	625.000000	0.000000	793.650794	0.000000	624.989600	-24.921252	-24.852497	0.023371	-0.000074	0.000764	-0.000239	0.000000	NaN	NaN	NaN	NaN	NaN	NaN	NaN
169.000000	632.911392	0.000000	581.395349	0.000000	632.913600	-24.860871	-24.851424	0.027818	0.000099	0.000674	-0.000283	0.000000	NaN	NaN	NaN	NaN	NaN	NaN	NaN
170.000000	632.911392	0.000000	588.235294	0.000000	632.913600	-24.956754	-24.874507	0.028537	-0.000017	0.000635	-0.000252	0.000000	NaN	NaN	NaN	NaN	NaN	NaN	NaN
171.000000	632.911392	0.000000	595.238095	0.000000	632.913600	-24.920579	-24.799928	0.011389	-0.000202	0.000588	-0.000262	0.000000	NaN	NaN	NaN	NaN	NaN	NaN	NaN
172.000000	632.911392	0.000000	602.409639	0.000000	632.913600	-24.921190	-24.759944	0.068164	-0.000309	0.000602	-0.000294	0.000000	NaN	NaN	NaN	NaN	NaN	NaN	NaN
173.000000	632.911392	0.000000	609.756098	0.000000	632.913600	-24.899732	-24.835671	0.106468	-0.000150	0.000461	-0.000268	0.000000	NaN	NaN	NaN	NaN	NaN	NaN	NaN
174.000000	632.911392	0.000000	617.283951	0.000000	632.913600	-24.837693	-24.872454	0.144120	-0.000071	0.000791	-0.000284	0.000000	NaN	NaN	NaN	NaN	NaN	NaN	NaN
175.000000	632.911392	0.000000	625.000000	0.000000	632.913600	-24.879914	-24.818775	0.172962	-0.000089	0.000679	-0.000285	0.000000	NaN	NaN	NaN	NaN	NaN	NaN	NaN
176.000000	632.911392	0.000000	632.911392	0.000000	632.913600	-24.948083	-24.881111	0.224514	0.000047	0.000638	-0.000305	0.000000	NaN	NaN	NaN	NaN	NaN	NaN	NaN
177.000000	632.911392	0.000000	641.025641	0.000000	632.913600	-24.934460	-24.870624	0.241691	-0.000132	0.000765	-0.000289	0.000000	NaN	NaN	NaN	NaN	NaN	NaN	NaN
178.000000	632.911392	0.000000	649.350649	0.000000	632.913600	-24.849587	-24.841717	0.178527	-0.000112	0.000627	-0.000300	0.000000	NaN	NaN	NaN	NaN	NaN	NaN	NaN
179.000000	632.911392	0.000000	657.894737	0.000000	632.913600	-24.924648	-24.906196	0.099118	-0.000095	0.000566	-0.000283	0.000000	NaN	NaN	NaN	NaN	NaN	NaN	NaN
180.000000	632.911392	0.000000	666.666667	0.000000	632.913600	-24.966549	-24.762664	0.083807	-0.000085	0.000693	-0.000291	0.000000	NaN	NaN	NaN	NaN	NaN	NaN	NaN
181.000000	632.911392	0.000000	675.675676	0.000000	632.913600	-24.818440	-24.862796	0.078776	0.000028	0.000768	-0.000267	0.000000	NaN	NaN	NaN	NaN	NaN	NaN	NaN
182.000000	632.911392	0.000000	684.931507	0.000000	632.913600	-24.863539	-24.860551	0.101440	-0.000233	0.000645	-0.000298	0.000000	NaN	NaN	NaN	NaN	NaN	NaN	NaN
183.000000	632.911392	0.000000	694.444444	0.000000	632.913600	-24.922918	-24.794989	0.092317	-0.000100	0.000740	-0.000301	0.000000	NaN	NaN	NaN	NaN	NaN	NaN	NaN
184.000000	632.911392	0.000000	704.225352	0.000000	632.913600	-24.887987	-24.878742	0.097400	-0.000098	0.000601	-0.000279	0.000000	NaN	NaN	NaN	NaN	NaN	NaN	NaN
185.000000	632.911392	0.000000	714.285714	0.000000	632.913600	-24.948924	-24.867297	0.097390	-0.000095	0.000646	-0.000298	0.000000	NaN	NaN	NaN	NaN	NaN	NaN	NaN
186.000000	632.911392	0.000000	724.637681	0.000000	632.913600	-24.942288	-24.802811	0.082956	-0.000173	0.000628	-0.000251	0.000000	NaN	NaN	NaN	NaN	NaN	NaN	NaN
187.000000	632.911392	0.000000	735.294118	0.000000	632.913600	-24.859210	-24.892846	0.081285	-0.000134	0.000682	-0.000278	0.000000	NaN	NaN	NaN	NaN	NaN	NaN	NaN
188.000000	632.911392	0.000000	746.268657	0.000000	632.913600	-24.849630	-24.809111	0.068607	-0.000005	0.000708	-0.000261	0.000000	NaN	NaN	NaN	NaN	NaN	NaN	NaN
189.000000	632.911392	0.000000	757.575758	0.000000	632.913600	-24.869374	-24.786856	0.056715	0.000040	0.000751	-0.000262	0.000000	NaN	NaN	NaN	NaN	NaN	NaN	NaN
190.000000	632.911392	0.000000	769.230769	0.000000	632.913600	-24.883429	-24.848164	0.040717	-0.000036	0.000618	-0.000274	0.000000	NaN	NaN	NaN	NaN	NaN	NaN	NaN
191.000000	632.911392	0.000000	781.250000	0.000000	632.913600	-24.901084	-24.893099	0.029822	-0.000074	0.000633	-0.000294	0.000000	NaN	NaN	NaN	NaN	NaN	NaN	NaN
192.000000	632.911392	0.000000	793.650794	0.000000	632.913600	-24.854128	-24.785373	0.023233	-0.000029	0.000701	-0.000291	0.000000	NaN	NaN	NaN	NaN	NaN	NaN	NaN
193.000000	641.025641	0.000000	581.395349	0.000000	641.042300	-24.885249	-24.875803	0.023751	-0.000044	0.000484	-0.000272	0.000000	NaN	NaN	NaN	NaN	NaN	NaN	NaN
194.000000	641.025641	0.000000	588.235294	0.000000	641.042300	-24.847706	-24.832173	0.022297	-0.000086	0.000489	-0.000278	0.000000	NaN	NaN	NaN	NaN	NaN	NaN	NaN
195.000000	641.025641	0.000000	595.238095	0.000000	641.042300	-24.878244	-24.824306	0.005538	-0.000106	0.000766	-0.000249	0.000000	NaN	NaN	NaN	NaN	NaN	NaN	NaN
196.000000	641.025641	0.000000	602.409639	0.000000	641.042300	-24.945569	-24.851035	0.055132	-0.000143	0.000604	-0.000276	0.000000	NaN	NaN	NaN	NaN	NaN	NaN	NaN
197.000000	641.025641	0.000000	609.756098	0.000000	641.042300	-24.857397	-24.860049	0.082034	-0.000060	0.000605	-0.000304	0.000000	NaN	NaN	NaN	NaN	NaN	NaN	NaN
198.000000	641.025641	0.000000	617.283951	0.000000	641.042300	-24.928783	-24.896832	0.099269	0.000070	0.000529	-0.000278	0.000000	NaN	NaN	NaN	NaN	NaN	NaN	NaN
199.000000	641.025641	0.000000	625.000000	0.000000	641.042300	-24.904292	-24.843153	0.122226	-0.000240	0.000659	-0.000289	0.000000	NaN	NaN	NaN	NaN	NaN	NaN	NaN
200.000000	641.025641	0.000000	632.911392	0.000000	641.042300	-24.905748	-24.905489	0.152937	-0.000273	0.000697	-0.000279	0.000000	NaN	NaN	NaN	NaN	NaN	NaN	NaN
201.000000	641.025641	0.000000	641.025641	0.000000	641.042300	-24.825413	-24.895002	0.188719	-0.000255	0.000962	-0.000288	0.000000	NaN	NaN	NaN	NaN	NaN	NaN	NaN
202.000000	641.025641	0.000000	649.350649	0.000000	641.042300	-24.873965	-24.866095	0.175540	-0.000188	0.000598	-0.000278	0.000000	NaN	NaN	NaN	NaN	NaN	NaN	NaN
203.000000	641.025641	0.000000	657.894737	0.000000	641.042300	-24.949026	-24.797148	0.164839	0.000084	0.000795	-0.000274	0.000000	NaN	NaN	NaN	NaN	NaN	NaN	NaN
204.000000	641.025641	0.000000	666.666667	0.000000	641.042300	-24.857502	-24.787043	0.093333	-0.000008	0.000594	-0.000286	0.000000	NaN	NaN	NaN	NaN	NaN	NaN	NaN
205.000000	641.025641	0.000000	675.675676	0.000000	641.042300	-24.909531	-24.887175	0.078260	-0.000075	0.000706	-0.000286	0.000000	NaN	NaN	NaN	NaN	NaN	NaN	NaN
206.000000	641.025641	0.000000	684.931507	0.000000	641.042300	-24.954630	-24.884929	0.105852	-0.000091	0.000697	-0.000265	0.000000	NaN	NaN	NaN	NaN	NaN	NaN	NaN
207.000000	641.025641	0.000000	694.444444	0.000000	641.042300	-24.947296	-24.819367	0.107453	-0.000141	0.000704	-0.000271	0.000000	NaN	NaN	NaN	NaN	NaN	NaN	NaN
208.000000	641.025641	0.000000	704.225352	0.000000	641.042300	-24.912365	-24.903120	0.108300	-0.000249	0.000695	-0.000306	0.000000	NaN	NaN	NaN	NaN	NaN	NaN	NaN
209.000000	641.025641	0.000000	714.285714	0.000000	641.042300	-24.906590	-24.891675	0.100494	-0.000179	0.000768	-0.000273	0.000000	NaN	NaN	NaN	NaN	NaN	NaN	NaN
210.000000	641.025641	0.000000	724.637681	0.000000	641.042300	-24.966666	-24.827189	0.093592	-0.000180	0.000674	-0.000299	0.000000	NaN	NaN	NaN	NaN	NaN	NaN	NaN
211.000000	641.025641	0.000000	735.294118	0.000000	641.042300	-24.883589	-24.783798	0.096026	-0.000238	0.000721	-0.000280	0.000000	NaN	NaN	NaN	NaN	NaN	NaN	NaN
212.000000	641.025641	0.000000	746.268657	0.000000	641.042300	-24.874008	-24.900202	0.079252	-0.000245	0.000575	-0.000285	0.000000	NaN	NaN	NaN	NaN	NaN	NaN	NaN
213.000000	641.025641	0.000000	757.575758	0.000000	641.042300	-24.893753	-24.811234	0.069497	-0.000124	0.000372	-0.000274	0.000000	NaN	NaN	NaN	NaN	NaN	NaN	NaN
214.000000	641.025641	0.000000	769.230769	0.000000	641.042300	-24.907807	-24.872543	0.050159	0.000018	0.000607	-0.000282	0.000000	NaN	NaN	NaN	NaN	NaN	NaN	NaN
215.000000	641.025641	0.000000	781.250000	0.000000	641.042300	-24.925463	-24.784052	0.037312	-0.000027	0.000556	-0.000271	0.000000	NaN	NaN	NaN	NaN	NaN	NaN	NaN
216.000000	641.025641	0.000000	793.650794	0.000000	641.042300	-24.945219	-24.809751	0.033257	-0.000108	0.000681	-0.000266	0.000000	NaN	NaN	NaN	NaN	NaN	NaN	NaN
217.000000	649.350649	0.000000	581.395349	0.000000	649.375900	-24.956304	-24.813431	0.008098	-0.000104	0.000544	-0.000278	0.000000	NaN	NaN	NaN	NaN	NaN	NaN	NaN
218.000000	649.350649	0.000000	588.235294	0.000000	649.375900	-24.918761	-24.836514	0.008182	0.000087	0.000789	-0.000270	0.000000	NaN	NaN	NaN	NaN	NaN	NaN	NaN
219.000000	649.350649	0.000000	595.238095	0.000000	649.375900	-24.882586	-24.895361	0.000698	-0.000157	0.000622	-0.000276	0.000000	NaN	NaN	NaN	NaN	NaN	NaN	NaN
220.000000	649.350649	0.000000	602.409639	0.000000	649.375900	-24.883197	-24.855377	0.039294	-0.000144	0.000771	-0.000284	0.000000	NaN	NaN	NaN	NaN	NaN	NaN	NaN
221.000000	649.350649	0.000000	609.756098	0.000000	649.375900	-24.928452	-24.797678	0.057511	-0.000188	0.000684	-0.000287	0.000000	NaN	NaN	NaN	NaN	NaN	NaN	NaN
222.000000	649.350649	0.000000	617.283951	0.000000	649.375900	-24.933125	-24.834461	0.069823	-0.000223	0.000684	-0.000276	0.000000	NaN	NaN	NaN	NaN	NaN	NaN	NaN
223.000000	649.350649	0.000000	625.000000	0.000000	649.375900	-24.841921	-24.914207	0.074607	0.000030	0.000613	-0.000272	0.000000	NaN	NaN	NaN	NaN	NaN	NaN	NaN
224.000000	649.350649	0.000000	632.911392	0.000000	649.375900	-24.910090	-24.843118	0.095386	-0.000227	0.000648	-0.000283	0.000000	NaN	NaN	NaN	NaN	NaN	NaN	NaN
225.000000	649.350649	0.000000	641.025641	0.000000	649.375900	-24.896467	-24.832631	0.103203	-0.000072	0.000713	-0.000298	0.000000	NaN	NaN	NaN	NaN	NaN	NaN	NaN
226.000000	649.350649	0.000000	649.350649	0.000000	649.375900	-24.945019	-24.803724	0.104995	-0.000198	0.000611	-0.000284	0.000000	NaN	NaN	NaN	NaN	NaN	NaN	NaN
227.000000	649.350649	0.000000	657.894737	0.000000	649.375900	-24.886655	-24.868203	0.123547	-0.000228	0.000740	-0.000302	0.000000	NaN	NaN	NaN	NaN	NaN	NaN	NaN
228.000000	649.350649	0.000000	666.666667	0.000000	649.375900	-24.928556	-24.858097	0.144953	-0.000233	0.000665	-0.000285	0.000000	NaN	NaN	NaN	NaN	NaN	NaN	NaN
229.000000	649.350649	0.000000	675.675676	0.000000	649.375900	-24.913873	-24.824803	0.105270	-0.000153	0.000712	-0.000303	0.000000	NaN	NaN	NaN	NaN	NaN	NaN	NaN
230.000000	649.350649	0.000000	684.931507	0.000000	649.375900	-24.892259	-24.822558	0.094841	-0.000232	0.000511	-0.000295	0.000000	NaN	NaN	NaN	NaN	NaN	NaN	NaN
231.000000	649.350649	0.000000	694.444444	0.000000	649.375900	-24.884925	-24.823709	0.101331	-0.000252	0.000637	-0.000295	0.000000	NaN	NaN	NaN	NaN	NaN	NaN	NaN
232.000000	649.350649	0.000000	704.225352	0.000000	649.375900	-24.849994	-24.840749	0.102452	-0.000266	0.000739	-0.000268	0.000000	NaN	NaN	NaN	NaN	NaN	NaN	NaN
233.000000	649.350649	0.000000	714.285714	0.000000	649.375900	-24.910931	-24.829304	0.097689	-0.000234	0.000838	-0.000249	0.000000	NaN	NaN	NaN	NaN	NaN	NaN	NaN
234.000000	649.350649	0.000000	724.637681	0.000000	649.375900	-24.904295	-24.764818	0.086750	0.000020	0.000539	-0.000286	0.000000	NaN	NaN	NaN	NaN	NaN	NaN	NaN
235.000000	649.350649	0.000000	735.294118	0.000000	649.375900	-24.954643	-24.854853	0.092353	0.000078	0.000787	-0.000295	0.000000	NaN	NaN	NaN	NaN	NaN	NaN	NaN
236.000000	649.350649	0.000000	746.268657	0.000000	649.375900	-24.945063	-24.837831	0.074041	-0.000018	0.000604	-0.000276	0.000000	NaN	NaN	NaN	NaN	NaN	NaN	NaN
237.000000	649.350649	0.000000	757.575758	0.000000	649.375900	-24.964807	-24.815576	0.065891	-0.000120	0.000639	-0.000285	0.000000	NaN	NaN	NaN	NaN	NaN	NaN	NaN
238.000000	649.350649	0.000000	769.230769	0.000000	649.375900	-24.978862	-24.810171	0.047862	-0.000001	0.000704	-0.000284	0.000000	NaN	NaN	NaN	NaN	NaN	NaN	NaN
239.000000	649.350649	0.000000	781.250000	0.000000	649.375900	-24.863091	-24.855106	0.032537	-0.000116	0.000699	-0.000282	0.000000	NaN	NaN	NaN	NaN	NaN	NaN	NaN
240.000000	649.350649	0.000000	793.650794	0.000000	649.375900	-24.882848	-24.880806	0.029945	-0.000380	0.000546	-0.000274	0.000000	NaN	NaN	NaN	NaN	NaN	NaN	NaN
241.000000	657.894737	0.000000	581.395349	0.000000	657.913600	-24.840341	-24.830894	0.001242	0.000053	0.000704	-0.000267	0.000000	NaN	NaN	NaN	NaN	NaN	NaN	NaN
242.000000	657.894737	0.000000	588.235294	0.000000	657.913600	-24.936224	-24.920690	0.002924	0.000076	0.000757	-0.000281	0.000000	NaN	NaN	NaN	NaN	NaN	NaN	NaN
243.000000	657.894737	0.000000	595.238095	0.000000	657.913600	-24.966761	-24.779398	-0.002231	-0.000016	0.000467	-0.000269	0.000000	NaN	NaN	NaN	NaN	NaN	NaN	NaN
244.000000	657.894737	0.000000	602.409639	0.000000	657.913600	-24.900660	-24.806127	0.029912	0.000055	0.000633	-0.000271	0.000000	NaN	NaN	NaN	NaN	NaN	NaN	NaN
245.000000	657.894737	0.000000	609.756098	0.000000	657.913600	-24.945915	-24.815141	0.042675	0.000181	0.000358	-0.000300	0.000000	NaN	NaN	NaN	NaN	NaN	NaN	NaN
246.000000	657.894737	0.000000	617.283951	0.000000	657.913600	-24.883875	-24.851924	0.046973	-0.000080	0.000783	-0.000299	0.000000	NaN	NaN	NaN	NaN	NaN	NaN	NaN
247.000000	657.894737	0.000000	625.000000	0.000000	657.913600	-24.926096	-24.798244	0.052398	-0.000094	0.000640	-0.000313	0.000000	NaN	NaN	NaN	NaN	NaN	NaN	NaN
248.000000	657.894737	0.000000	632.911392	0.000000	657.913600	-24.860840	-24.860581	0.061524	-0.000120	0.000563	-0.000287	0.000000	NaN	NaN	NaN	NaN	NaN	NaN	NaN
249.000000	657.894737	0.000000	641.025641	0.000000	657.913600	-24.913930	-24.850094	0.072181	-0.000045	0.000568	-0.000297	0.000000	NaN	NaN	NaN	NaN	NaN	NaN	NaN
250.000000	657.894737	0.000000	649.350649	0.000000	657.913600	-24.895769	-24.887899	0.067710	-0.000116	0.000371	-0.000255	0.000000	NaN	NaN	NaN	NaN	NaN	NaN	NaN
251.000000	657.894737	0.000000	657.894737	0.000000	657.913600	-24.904118	-24.885665	0.088298	-0.000336	0.000487	-0.000283	0.000000	NaN	NaN	NaN	NaN	NaN	NaN	NaN
252.000000	657.894737	0.000000	666.666667	0.000000	657.913600	-24.946019	-24.808847	0.116300	-0.000072	0.000582	-0.000295	0.000000	NaN	NaN	NaN	NaN	NaN	NaN	NaN
253.000000	657.894737	0.000000	675.675676	0.000000	657.913600	-24.864623	-24.842266	0.137705	-0.000164	0.000609	-0.000274	0.000000	NaN	NaN	NaN	NaN	NaN	NaN	NaN
254.000000	657.894737	0.000000	684.931507	0.000000	657.913600	-24.909722	-24.840021	0.102448	-0.000118	0.000741	-0.000279	0.000000	NaN	NaN	NaN	NaN	NaN	NaN	NaN
255.000000	657.894737	0.000000	694.444444	0.000000	657.913600	-24.902387	-24.841172	0.099058	-0.000033	0.000647	-0.000274	0.000000	NaN	NaN	NaN	NaN	NaN	NaN	NaN
256.000000	657.894737	0.000000	704.225352	0.000000	657.913600	-25.000882	-24.858212	0.101492	0.000060	0.000607	-0.000296	0.000000	NaN	NaN	NaN	NaN	NaN	NaN	NaN
257.000000	657.894737	0.000000	714.285714	0.000000	657.913600	-24.861681	-24.846766	0.093574	-0.000006	0.000708	-0.000300	0.000000	NaN	NaN	NaN	NaN	NaN	NaN	NaN
258.000000	657.894737	0.000000	724.637681	0.000000	657.913600	-24.921758	-24.848994	0.084473	-0.000159	0.000665	-0.000302	0.000000	NaN	NaN	NaN	NaN	NaN	NaN	NaN
259.000000	657.894737	0.000000	735.294118	0.000000	657.913600	-24.838680	-24.872316	0.080671	-0.000021	0.000649	-0.000271	0.000000	NaN	NaN	NaN	NaN	NaN	NaN	NaN
260.000000	657.894737	0.000000	746.268657	0.000000	657.913600	-24.829100	-24.855294	0.075258	-0.000125	0.000380	-0.000286	0.000000	NaN	NaN	NaN	NaN	NaN	NaN	NaN
261.000000	657.894737	0.000000	757.575758	0.000000	657.913600	-24.848844	-24.833039	0.061803	0.000002	0.000528	-0.000277	0.000000	NaN	NaN	NaN	NaN	NaN	NaN	NaN
262.000000	657.894737	0.000000	769.230769	0.000000	657.913600	-24.862899	-24.894347	0.044972	-0.000056	0.000603	-0.000303	0.000000	NaN	NaN	NaN	NaN	NaN	NaN	NaN
263.000000	657.894737	0.000000	781.250000	0.000000	657.913600	-24.880554	-24.805856	0.031934	-0.000244	0.000636	-0.000289	0.000000	NaN	NaN	NaN	NaN	NaN	NaN	NaN
264.000000	657.894737	0.000000	793.650794	0.000000	657.913600	-24.900311	-24.764843	0.026319	-0.000191	0.000885	-0.000278	0.000000	NaN	NaN	NaN	NaN	NaN	NaN	NaN
265.000000	666.666667	0.000000	581.395349	0.000000	666.656200	-24.894250	-24.884803	-0.001227	-0.000111	0.000423	-0.000274	0.000000	NaN	NaN	NaN	NaN	NaN	NaN	NaN
266.000000	666.666667	0.000000	588.235294	0.000000	666.656200	-24.923419	-24.841173	0.000231	-0.000008	0.000716	-0.000278	0.000000	NaN	NaN	NaN	NaN	NaN	NaN	NaN
267.000000	666.666667	0.000000	595.238095	0.000000	666.656200	-24.887244	-24.833307	-0.003431	-0.000069	0.000471	-0.000278	0.000000	NaN	NaN	NaN	NaN	NaN	NaN	NaN
268.000000	666.666667	0.000000	602.409639	0.000000	666.656200	-24.887856	-24.860035	0.034988	-0.000129	0.000880	-0.000273	0.000000	NaN	NaN	NaN	NaN	NaN	NaN	NaN
269.000000	666.666667	0.000000	609.756098	0.000000	666.656200	-24.866398	-24.869050	0.049139	0.000102	0.000705	-0.000289	0.000000	NaN	NaN	NaN	NaN	NaN	NaN	NaN
270.000000	666.666667	0.000000	617.283951	0.000000	666.656200	-24.937784	-24.772407	0.049479	-0.000087	0.000298	-0.000237	0.000000	NaN	NaN	NaN	NaN	NaN	NaN	NaN
271.000000	666.666667	0.000000	625.000000	0.000000	666.656200	-24.980005	-24.852153	0.049824	-0.000037	0.000649	-0.000284	0.000000	NaN	NaN	NaN	NaN	NaN	NaN	NaN
272.000000	666.666667	0.000000	632.911392	0.000000	666.656200	-24.914748	-24.781064	0.054221	-0.000172	0.000696	-0.000291	0.000000	NaN	NaN	NaN	NaN	NaN	NaN	NaN
273.000000	666.666667	0.000000	641.025641	0.000000	666.656200	-24.901126	-24.770577	0.061574	-0.000028	0.000595	-0.000261	0.000000	NaN	NaN	NaN	NaN	NaN	NaN	NaN
274.000000	666.666667	0.000000	649.350649	0.000000	666.656200	-24.949678	-24.808383	0.057964	-0.000236	0.000493	-0.000296	0.000000	NaN	NaN	NaN	NaN	NaN	NaN	NaN
275.000000	666.666667	0.000000	657.894737	0.000000	666.656200	-24.824601	-24.872861	0.070505	-0.000065	0.000711	-0.000254	0.000000	NaN	NaN	NaN	NaN	NaN	NaN	NaN
276.000000	666.666667	0.000000	666.666667	0.000000	666.656200	-24.933215	-24.862756	0.079970	-0.000026	0.000705	-0.000295	0.000000	NaN	NaN	NaN	NaN	NaN	NaN	NaN
277.000000	666.666667	0.000000	675.675676	0.000000	666.656200	-24.918531	-24.829462	0.113984	-0.000150	0.000578	-0.000275	0.000000	NaN	NaN	NaN	NaN	NaN	NaN	NaN
278.000000	666.666667	0.000000	684.931507	0.000000	666.656200	-24.963631	-24.893929	0.181747	0.000027	0.000670	-0.000278	0.000000	NaN	NaN	NaN	NaN	NaN	NaN	NaN
279.000000	666.666667	0.000000	694.444444	0.000000	666.656200	-24.956296	-24.895081	0.121928	-0.000123	0.000465	-0.000277	0.000000	NaN	NaN	NaN	NaN	NaN	NaN	NaN
280.000000	666.666667	0.000000	704.225352	0.000000	666.656200	-24.921365	-24.778695	0.122157	0.000012	0.000567	-0.000283	0.000000	NaN	NaN	NaN	NaN	NaN	NaN	NaN
281.000000	666.666667	0.000000	714.285714	0.000000	666.656200	-24.915590	-24.833962	0.120746	-0.000033	0.000547	-0.000286	0.000000	NaN	NaN	NaN	NaN	NaN	NaN	NaN
282.000000	666.666667	0.000000	724.637681	0.000000	666.656200	-24.842241	-24.902902	0.106958	0.000010	0.000503	-0.000284	0.000000	NaN	NaN	NaN	NaN	NaN	NaN	NaN
283.000000	666.666667	0.000000	735.294118	0.000000	666.656200	-24.959302	-24.859511	0.104191	-0.000324	0.000539	-0.000285	0.000000	NaN	NaN	NaN	NaN	NaN	NaN	NaN
284.000000	666.666667	0.000000	746.268657	0.000000	666.656200	-24.949721	-24.775777	0.097881	-0.000055	0.000588	-0.000274	0.000000	NaN	NaN	NaN	NaN	NaN	NaN	NaN
285.000000	666.666667	0.000000	757.575758	0.000000	666.656200	-24.902753	-24.886948	0.076351	-0.000283	0.000757	-0.000300	0.000000	NaN	NaN	NaN	NaN	NaN	NaN	NaN
286.000000	666.666667	0.000000	769.230769	0.000000	666.656200	-24.916808	-24.814830	0.063909	-0.000013	0.000676	-0.000294	0.000000	NaN	NaN	NaN	NaN	NaN	NaN	NaN
287.000000	666.666667	0.000000	781.250000	0.000000	666.656200	-24.934463	-24.859765	0.044111	0.000154	0.000738	-0.000284	0.000000	NaN	NaN	NaN	NaN	NaN	NaN	NaN
288.000000	666.666667	0.000000	793.650794	0.000000	666.656200	-24.954220	-24.885464	0.038605	-0.000284	0.000945	-0.000301	0.000000	NaN	NaN	NaN	NaN	NaN	NaN	NaN
289.000000	675.675676	0.000000	581.395349	0.000000	675.705900	-24.901360	-24.891913	-0.000009	0.000055	0.000463	-0.000286	0.000000	NaN	NaN	NaN	NaN	NaN	NaN	NaN
290.000000	675.675676	0.000000	588.235294	0.000000	675.705900	-24.863816	-24.848283	0.000851	0.000017	0.000689	-0.000299	0.000000	NaN	NaN	NaN	NaN	NaN	NaN	NaN
291.000000	675.675676	0.000000	595.238095	0.000000	675.705900	-24.894354	-24.840416	-0.001924	0.000165	0.000577	-0.000284	0.000000	NaN	NaN	NaN	NaN	NaN	NaN	NaN
292.000000	675.675676	0.000000	602.409639	0.000000	675.705900	-24.828253	-24.867145	0.026833	0.000116	0.000702	-0.000269	0.000000	NaN	NaN	NaN	NaN	NaN	NaN	NaN
293.000000	675.675676	0.000000	609.756098	0.000000	675.705900	-24.873507	-24.876159	0.039104	-0.000121	0.000601	-0.000272	0.000000	NaN	NaN	NaN	NaN	NaN	NaN	NaN
294.000000	675.675676	0.000000	617.283951	0.000000	675.705900	-24.944894	-24.779517	0.041630	-0.000108	0.000709	-0.000292	0.000000	NaN	NaN	NaN	NaN	NaN	NaN	NaN
295.000000	675.675676	0.000000	625.000000	0.000000	675.705900	-24.987115	-24.859263	0.042307	-0.000029	0.000694	-0.000282	0.000000	NaN	NaN	NaN	NaN	NaN	NaN	NaN
296.000000	675.675676	0.000000	632.911392	0.000000	675.705900	-24.921858	-24.788174	0.040766	0.000014	0.000625	-0.000261	0.000000	NaN	NaN	NaN	NaN	NaN	NaN	NaN
297.000000	675.675676	0.000000	641.025641	0.000000	675.705900	-24.908236	-24.777687	0.050686	-0.000284	0.000896	-0.000298	0.000000	NaN	NaN	NaN	NaN	NaN	NaN	NaN
298.000000	675.675676	0.000000	649.350649	0.000000	675.705900	-25.023500	-24.815492	0.044931	-0.000106	0.000751	-0.000270	0.000000	NaN	NaN	NaN	NaN	NaN	NaN	NaN
299.000000	675.675676	0.000000	657.894737	0.000000	675.705900	-24.831711	-24.813258	0.048068	-0.000093	0.000885	-0.000260	0.000000	NaN	NaN	NaN	NaN	NaN	NaN	NaN
300.000000	675.675676	0.000000	666.666667	0.000000	675.705900	-24.873612	-24.869865	0.059047	-0.000186	0.000534	-0.000285	0.000000	NaN	NaN	NaN	NaN	NaN	NaN	NaN
301.000000	675.675676	0.000000	675.675676	0.000000	675.705900	-24.925641	-24.769859	0.068583	-0.000047	0.000605	-0.000276	0.000000	NaN	NaN	NaN	NaN	NaN	NaN	NaN
302.000000	675.675676	0.000000	684.931507	0.000000	675.705900	-24.970741	-24.901039	0.133395	-0.000145	0.000657	-0.000282	0.000000	NaN	NaN	NaN	NaN	NaN	NaN	NaN
303.000000	675.675676	0.000000	694.444444	0.000000	675.705900	-24.963406	-24.902190	0.166025	-0.000024	0.000470	-0.000291	0.000000	NaN	NaN	NaN	NaN	NaN	NaN	NaN
304.000000	675.675676	0.000000	704.225352	0.000000	675.705900	-24.928475	-24.785805	0.113464	-0.000309	0.000544	-0.000303	0.000000	NaN	NaN	NaN	NaN	NaN	NaN	NaN
305.000000	675.675676	0.000000	714.285714	0.000000	675.705900	-24.922700	-24.774359	0.104055	-0.000042	0.000713	-0.000253	0.000000	NaN	NaN	NaN	NaN	NaN	NaN	NaN
306.000000	675.675676	0.000000	724.637681	0.000000	675.705900	-24.849351	-24.910012	0.108910	-0.000100	0.000661	-0.000282	0.000000	NaN	NaN	NaN	NaN	NaN	NaN	NaN
307.000000	675.675676	0.000000	735.294118	0.000000	675.705900	-24.899699	-24.799908	0.101665	-0.000254	0.000821	-0.000295	0.000000	NaN	NaN	NaN	NaN	NaN	NaN	NaN
308.000000	675.675676	0.000000	746.268657	0.000000	675.705900	-24.890118	-24.782887	0.089502	-0.000188	0.000550	-0.000304	0.000000	NaN	NaN	NaN	NaN	NaN	NaN	NaN
309.000000	675.675676	0.000000	757.575758	0.000000	675.705900	-24.909863	-24.894057	0.079152	-0.000046	0.000798	-0.000311	0.000000	NaN	NaN	NaN	NaN	NaN	NaN	NaN
310.000000	675.675676	0.000000	769.230769	0.000000	675.705900	-24.923917	-24.821940	0.060497	-0.000317	0.000504	-0.000276	0.000000	NaN	NaN	NaN	NaN	NaN	NaN	NaN
311.000000	675.675676	0.000000	781.250000	0.000000	675.705900	-24.941573	-24.866875	0.044041	-0.000205	0.000781	-0.000282	0.000000	NaN	NaN	NaN	NaN	NaN	NaN	NaN
312.000000	675.675676	0.000000	793.650794	0.000000	675.705900	-24.961329	-24.892574	0.037075	0.000010	0.000660	-0.000275	0.000000	NaN	NaN	NaN	NaN	NaN	NaN	NaN
313.000000	684.931507	0.000000	581.395349	0.000000	684.959800	-24.861492	-24.785333	-0.002462	-0.000129	0.000661	-0.000307	0.000000	NaN	NaN	NaN	NaN	NaN	NaN	NaN
314.000000	684.931507	0.000000	588.235294	0.000000	684.959800	-24.957375	-24.875128	-0.001794	-0.000076	0.000557	-0.000292	0.000000	NaN	NaN	NaN	NaN	NaN	NaN	NaN
315.000000	684.931507	0.000000	595.238095	0.000000	684.959800	-24.921200	-24.800549	-0.003629	-0.000021	0.000922	-0.000292	0.000000	NaN	NaN	NaN	NaN	NaN	NaN	NaN
316.000000	684.931507	0.000000	602.409639	0.000000	684.959800	-24.921811	-24.760565	0.021285	0.000117	0.000534	-0.000297	0.000000	NaN	NaN	NaN	NaN	NaN	NaN	NaN
317.000000	684.931507	0.000000	609.756098	0.000000	684.959800	-24.900353	-24.836292	0.032256	0.000082	0.000597	-0.000283	0.000000	NaN	NaN	NaN	NaN	NaN	NaN	NaN
318.000000	684.931507	0.000000	617.283951	0.000000	684.959800	-24.838314	-24.806362	0.034390	-0.000069	0.000723	-0.000295	0.000000	NaN	NaN	NaN	NaN	NaN	NaN	NaN
319.000000	684.931507	0.000000	625.000000	0.000000	684.959800	-24.880535	-24.752683	0.033373	-0.000228	0.000453	-0.000271	0.000000	NaN	NaN	NaN	NaN	NaN	NaN	NaN
320.000000	684.931507	0.000000	632.911392	0.000000	684.959800	-24.948704	-24.881732	0.033015	-0.000376	0.000883	-0.000285	0.000000	NaN	NaN	NaN	NaN	NaN	NaN	NaN
321.000000	684.931507	0.000000	641.025641	0.000000	684.959800	-24.935081	-24.871245	0.037379	0.000031	0.000738	-0.000264	0.000000	NaN	NaN	NaN	NaN	NaN	NaN	NaN
322.000000	684.931507	0.000000	649.350649	0.000000	684.959800	-24.850207	-24.842338	0.032914	0.000050	0.000877	-0.000300	0.000000	NaN	NaN	NaN	NaN	NaN	NaN	NaN
323.000000	684.931507	0.000000	657.894737	0.000000	684.959800	-24.925269	-24.906817	0.033997	0.000029	0.000691	-0.000297	0.000000	NaN	NaN	NaN	NaN	NaN	NaN	NaN
324.000000	684.931507	0.000000	666.666667	0.000000	684.959800	-24.967170	-24.763285	0.042251	-0.000023	0.000634	-0.000276	0.000000	NaN	NaN	NaN	NaN	NaN	NaN	NaN
325.000000	684.931507	0.000000	675.675676	0.000000	684.959800	-24.952487	-24.863417	0.056818	0.000002	0.000695	-0.000271	0.000000	NaN	NaN	NaN	NaN	NaN	NaN	NaN
326.000000	684.931507	0.000000	684.931507	0.000000	684.959800	-24.864160	-24.861172	0.082158	-0.000036	0.000727	-0.000297	0.000000	NaN	NaN	NaN	NaN	NaN	NaN	NaN
327.000000	684.931507	0.000000	694.444444	0.000000	684.959800	-24.923538	-24.795610	0.118882	-0.000423	0.000733	-0.000299	0.000000	NaN	NaN	NaN	NaN	NaN	NaN	NaN
328.000000	684.931507	0.000000	704.225352	0.000000	684.959800	-24.888608	-24.879363	0.164715	-0.000125	0.000893	-0.000282	0.000000	NaN	NaN	NaN	NaN	NaN	NaN	NaN
329.000000	684.931507	0.000000	714.285714	0.000000	684.959800	-24.949545	-24.867918	0.123288	0.000164	0.000575	-0.000290	0.000000	NaN	NaN	NaN	NaN	NaN	NaN	NaN
330.000000	684.931507	0.000000	724.637681	0.000000	684.959800	-24.942909	-24.803432	0.093910	-0.000025	0.000698	-0.000295	0.000000	NaN	NaN	NaN	NaN	NaN	NaN	NaN
331.000000	684.931507	0.000000	735.294118	0.000000	684.959800	-24.859831	-24.893467	0.096381	0.000014	0.000726	-0.000283	0.000000	NaN	NaN	NaN	NaN	NaN	NaN	NaN
332.000000	684.931507	0.000000	746.268657	0.000000	684.959800	-24.850251	-24.809732	0.084447	-0.000179	0.000766	-0.000285	0.000000	NaN	NaN	NaN	NaN	NaN	NaN	NaN
333.000000	684.931507	0.000000	757.575758	0.000000	684.959800	-24.869995	-24.787477	0.071202	0.000009	0.000745	-0.000296	0.000000	NaN	NaN	NaN	NaN	NaN	NaN	NaN
334.000000	684.931507	0.000000	769.230769	0.000000	684.959800	-24.884050	-24.848785	0.057401	0.000141	0.000753	-0.000297	0.000000	NaN	NaN	NaN	NaN	NaN	NaN	NaN
335.000000	684.931507	0.000000	781.250000	0.000000	684.959800	-24.901705	-24.893720	0.038484	-0.000127	0.000643	-0.000315	0.000000	NaN	NaN	NaN	NaN	NaN	NaN	NaN
336.000000	684.931507	0.000000	793.650794	0.000000	684.959800	-24.854749	-24.785994	0.035502	-0.000001	0.000585	-0.000265	0.000000	NaN	NaN	NaN	NaN	NaN	NaN	NaN
337.000000	694.444444	0.000000	581.395349	0.000000	694.417800	-24.866335	-24.856888	-0.003826	-0.000120	0.000663	-0.000317	0.000000	NaN	NaN	NaN	NaN	NaN	NaN	NaN
338.000000	694.444444	0.000000	588.235294	0.000000	694.417800	-24.828792	-24.813258	-0.003756	-0.000026	0.000677	-0.000268	0.000000	NaN	NaN	NaN	NaN	NaN	NaN	NaN
339.000000	694.444444	0.000000	595.238095	0.000000	694.417800	-24.859329	-24.805392	-0.003669	-0.000144	0.000503	-0.000253	0.000000	NaN	NaN	NaN	NaN	NaN	NaN	NaN
340.000000	694.444444	0.000000	602.409639	0.000000	694.417800	-24.926654	-24.832120	0.021989	0.000068	0.000766	-0.000309	0.000000	NaN	NaN	NaN	NaN	NaN	NaN	NaN
341.000000	694.444444	0.000000	609.756098	0.000000	694.417800	-24.838483	-24.841135	0.032581	-0.000115	0.000422	-0.000299	0.000000	NaN	NaN	NaN	NaN	NaN	NaN	NaN
342.000000	694.444444	0.000000	617.283951	0.000000	694.417800	-24.909869	-24.877918	0.034441	0.000015	0.000595	-0.000294	0.000000	NaN	NaN	NaN	NaN	NaN	NaN	NaN
343.000000	694.444444	0.000000	625.000000	0.000000	694.417800	-24.952090	-24.824238	0.032411	-0.000242	0.000688	-0.000267	0.000000	NaN	NaN	NaN	NaN	NaN	NaN	NaN
344.000000	694.444444	0.000000	632.911392	0.000000	694.417800	-24.886833	-24.886575	0.030596	-0.000168	0.000875	-0.000279	0.000000	NaN	NaN	NaN	NaN	NaN	NaN	NaN
345.000000	694.444444	0.000000	641.025641	0.000000	694.417800	-24.939924	-24.876088	0.035344	-0.000184	0.000620	-0.000295	0.000000	NaN	NaN	NaN	NaN	NaN	NaN	NaN
346.000000	694.444444	0.000000	649.350649	0.000000	694.417800	-24.921763	-24.913893	0.029477	0.000166	0.000560	-0.000267	0.000000	NaN	NaN	NaN	NaN	NaN	NaN	NaN
347.000000	694.444444	0.000000	657.894737	0.000000	694.417800	-24.930112	-24.778234	0.028009	-0.000180	0.000563	-0.000319	0.000000	NaN	NaN	NaN	NaN	NaN	NaN	NaN
348.000000	694.444444	0.000000	666.666667	0.000000	694.417800	-24.838587	-24.834841	0.028485	-0.000206	0.000635	-0.000285	0.000000	NaN	NaN	NaN	NaN	NaN	NaN	NaN
349.000000	694.444444	0.000000	675.675676	0.000000	694.417800	-24.890616	-24.868260	0.033544	-0.000101	0.000389	-0.000274	0.000000	NaN	NaN	NaN	NaN	NaN	NaN	NaN
350.000000	694.444444	0.000000	684.931507	0.000000	694.417800	-24.935716	-24.866014	0.067456	0.000051	0.000460	-0.000289	0.000000	NaN	NaN	NaN	NaN	NaN	NaN	NaN
351.000000	694.444444	0.000000	694.444444	0.000000	694.417800	-24.928381	-24.867166	0.073581	-0.000045	0.000651	-0.000294	0.000000	NaN	NaN	NaN	NaN	NaN	NaN	NaN
352.000000	694.444444	0.000000	704.225352	0.000000	694.417800	-24.893451	-24.884206	0.101699	-0.000038	0.000702	-0.000307	0.000000	NaN	NaN	NaN	NaN	NaN	NaN	NaN
353.000000	694.444444	0.000000	714.285714	0.000000	694.417800	-24.887675	-24.872760	0.161227	0.000022	0.000557	-0.000311	0.000000	NaN	NaN	NaN	NaN	NaN	NaN	NaN
354.000000	694.444444	0.000000	724.637681	0.000000	694.417800	-24.947752	-24.874987	0.122967	-0.000159	0.001031	-0.000286	0.000000	NaN	NaN	NaN	NaN	NaN	NaN	NaN
355.000000	694.444444	0.000000	735.294118	0.000000	694.417800	-24.864674	-24.764884	0.091908	0.000113	0.000722	-0.000291	0.000000	NaN	NaN	NaN	NaN	NaN	NaN	NaN
356.000000	694.444444	0.000000	746.268657	0.000000	694.417800	-24.855094	-24.881288	0.090305	-0.000122	0.000759	-0.000301	0.000000	NaN	NaN	NaN	NaN	NaN	NaN	NaN
357.000000	694.444444	0.000000	757.575758	0.000000	694.417800	-24.874838	-24.859033	0.079362	-0.000243	0.000678	-0.000286	0.000000	NaN	NaN	NaN	NaN	NaN	NaN	NaN
358.000000	694.444444	0.000000	769.230769	0.000000	694.417800	-24.888893	-24.920341	0.062274	-0.000194	0.000793	-0.000282	0.000000	NaN	NaN	NaN	NaN	NaN	NaN	NaN
359.000000	694.444444	0.000000	781.250000	0.000000	694.417800	-24.906548	-24.831850	0.044266	-0.000087	0.000768	-0.000270	0.000000	NaN	NaN	NaN	NaN	NaN	NaN	NaN
360.000000	694.444444	0.000000	793.650794	0.000000	694.417800	-24.926305	-24.857549	0.044016	-0.000147	0.000605	-0.000289	0.000000	NaN	NaN	NaN	NaN	NaN	NaN	NaN
361.000000	704.225352	0.000000	581.395349	0.000000	704.182500	-24.906372	-24.830212	-0.005150	-0.000181	0.000758	-0.000310	0.000000	NaN	NaN	NaN	NaN	NaN	NaN	NaN
362.000000	704.225352	0.000000	588.235294	0.000000	704.182500	-24.935542	-24.786582	-0.005115	0.000035	0.000535	-0.000298	0.000000	NaN	NaN	NaN	NaN	NaN	NaN	NaN
363.000000	704.225352	0.000000	595.238095	0.000000	704.182500	-24.966080	-24.845429	-0.004397	-0.000009	0.000631	-0.000262	0.000000	NaN	NaN	NaN	NaN	NaN	NaN	NaN
364.000000	704.225352	0.000000	602.409639	0.000000	704.182500	-24.966691	-24.805445	0.020370	-0.000085	0.000580	-0.000269	0.000000	NaN	NaN	NaN	NaN	NaN	NaN	NaN
365.000000	704.225352	0.000000	609.756098	0.000000	704.182500	-24.945233	-24.814459	0.027225	-0.000194	0.000788	-0.000299	0.000000	NaN	NaN	NaN	NaN	NaN	NaN	NaN
366.000000	704.225352	0.000000	617.283951	0.000000	704.182500	-24.883193	-24.851242	0.026460	0.000028	0.000768	-0.000273	0.000000	NaN	NaN	NaN	NaN	NaN	NaN	NaN
367.000000	704.225352	0.000000	625.000000	0.000000	704.182500	-24.925414	-24.797563	0.024681	0.000036	0.000569	-0.000291	0.000000	NaN	NaN	NaN	NaN	NaN	NaN	NaN
368.000000	704.225352	0.000000	632.911392	0.000000	704.182500	-24.860158	-24.859899	0.021435	0.000037	0.000845	-0.000247	0.000000	NaN	NaN	NaN	NaN	NaN	NaN	NaN
369.000000	704.225352	0.000000	641.025641	0.000000	704.182500	-24.979961	-24.849412	0.026486	0.000145	0.000450	-0.000270	0.000000	NaN	NaN	NaN	NaN	NaN	NaN	NaN
370.000000	704.225352	0.000000	649.350649	0.000000	704.182500	-24.895087	-24.887218	0.025301	-0.000015	0.000662	-0.000282	0.000000	NaN	NaN	NaN	NaN	NaN	NaN	NaN
371.000000	704.225352	0.000000	657.894737	0.000000	704.182500	-24.903436	-24.818271	0.022297	0.000042	0.000646	-0.000293	0.000000	NaN	NaN	NaN	NaN	NaN	NaN	NaN
372.000000	704.225352	0.000000	666.666667	0.000000	704.182500	-24.878625	-24.808165	0.022514	-0.000057	0.000409	-0.000274	0.000000	NaN	NaN	NaN	NaN	NaN	NaN	NaN
373.000000	704.225352	0.000000	675.675676	0.000000	704.182500	-24.863941	-24.908297	0.025614	0.000113	0.000320	-0.000280	0.000000	NaN	NaN	NaN	NaN	NaN	NaN	NaN
374.000000	704.225352	0.000000	684.931507	0.000000	704.182500	-24.909040	-24.839339	0.044107	0.000058	0.000569	-0.000301	0.000000	NaN	NaN	NaN	NaN	NaN	NaN	NaN
375.000000	704.225352	0.000000	694.444444	0.000000	704.182500	-24.901706	-24.840490	0.064331	0.000108	0.000873	-0.000277	0.000000	NaN	NaN	NaN	NaN	NaN	NaN	NaN
376.000000	704.225352	0.000000	704.225352	0.000000	704.182500	-24.933488	-24.857530	0.062479	-0.000058	0.000519	-0.000280	0.000000	NaN	NaN	NaN	NaN	NaN	NaN	NaN
377.000000	704.225352	0.000000	714.285714	0.000000	704.182500	-24.861000	-24.912797	0.091234	0.000135	0.000504	-0.000302	0.000000	NaN	NaN	NaN	NaN	NaN	NaN	NaN
378.000000	704.225352	0.000000	724.637681	0.000000	704.182500	-24.921076	-24.848312	0.140961	-0.000189	0.000358	-0.000315	0.000000	NaN	NaN	NaN	NaN	NaN	NaN	NaN
379.000000	704.225352	0.000000	735.294118	0.000000	704.182500	-24.904711	-24.804921	0.094181	0.000096	0.000211	-0.000286	0.000000	NaN	NaN	NaN	NaN	NaN	NaN	NaN
380.000000	704.225352	0.000000	746.268657	0.000000	704.182500	-24.895131	-24.854612	0.081339	-0.000009	0.000563	-0.000289	0.000000	NaN	NaN	NaN	NaN	NaN	NaN	NaN
381.000000	704.225352	0.000000	757.575758	0.000000	704.182500	-24.914875	-24.832357	0.080389	0.000037	0.000553	-0.000298	0.000000	NaN	NaN	NaN	NaN	NaN	NaN	NaN
382.000000	704.225352	0.000000	769.230769	0.000000	704.182500	-24.862217	-24.893665	0.062370	-0.000044	0.000552	-0.000303	0.000000	NaN	NaN	NaN	NaN	NaN	NaN	NaN
383.000000	704.225352	0.000000	781.250000	0.000000	704.182500	-24.946585	-24.805174	0.044894	-0.000062	0.000695	-0.000274	0.000000	NaN	NaN	NaN	NaN	NaN	NaN	NaN
384.000000	704.225352	0.000000	793.650794	0.000000	704.182500	-24.899629	-24.830874	0.042707	-0.000129	0.000512	-0.000279	0.000000	NaN	NaN	NaN	NaN	NaN	NaN	NaN
385.000000	714.285714	0.000000	581.395349	0.000000	714.253800	-24.984493	-24.774908	-0.005117	0.000046	0.000678	-0.000286	0.000000	NaN	NaN	NaN	NaN	NaN	NaN	NaN
386.000000	714.285714	0.000000	588.235294	0.000000	714.253800	-24.946950	-24.864704	-0.003826	-0.000178	0.000340	-0.000305	0.000000	NaN	NaN	NaN	NaN	NaN	NaN	NaN
387.000000	714.285714	0.000000	595.238095	0.000000	714.253800	-24.910775	-24.856837	-0.002110	0.000161	0.000541	-0.000294	0.000000	NaN	NaN	NaN	NaN	NaN	NaN	NaN
388.000000	714.285714	0.000000	602.409639	0.000000	714.253800	-24.911387	-24.883566	0.013746	-0.000147	0.000527	-0.000272	0.000000	NaN	NaN	NaN	NaN	NaN	NaN	NaN
389.000000	714.285714	0.000000	609.756098	0.000000	714.253800	-24.889928	-24.825868	0.019749	-0.000106	0.000541	-0.000288	0.000000	NaN	NaN	NaN	NaN	NaN	NaN	NaN
390.000000	714.285714	0.000000	617.283951	0.000000	714.253800	-24.827889	-24.795938	0.018716	-0.000039	0.000799	-0.000314	0.000000	NaN	NaN	NaN	NaN	NaN	NaN	NaN
391.000000	714.285714	0.000000	625.000000	0.000000	714.253800	-24.870110	-24.875684	0.015702	0.000132	0.000675	-0.000288	0.000000	NaN	NaN	NaN	NaN	NaN	NaN	NaN
392.000000	714.285714	0.000000	632.911392	0.000000	714.253800	-24.938279	-24.804595	0.015192	-0.000113	0.000634	-0.000279	0.000000	NaN	NaN	NaN	NaN	NaN	NaN	NaN
393.000000	714.285714	0.000000	641.025641	0.000000	714.253800	-24.924657	-24.794108	0.015239	0.000089	0.000767	-0.000283	0.000000	NaN	NaN	NaN	NaN	NaN	NaN	NaN
394.000000	714.285714	0.000000	649.350649	0.000000	714.253800	-24.973209	-24.831913	0.015976	-0.000155	0.000589	-0.000282	0.000000	NaN	NaN	NaN	NaN	NaN	NaN	NaN
395.000000	714.285714	0.000000	657.894737	0.000000	714.253800	-24.914845	-24.896392	0.017432	-0.000215	0.000520	-0.000271	0.000000	NaN	NaN	NaN	NaN	NaN	NaN	NaN
396.000000	714.285714	0.000000	666.666667	0.000000	714.253800	-24.956746	-24.886286	0.017854	-0.000180	0.000535	-0.000285	0.000000	NaN	NaN	NaN	NaN	NaN	NaN	NaN
397.000000	714.285714	0.000000	675.675676	0.000000	714.253800	-24.942062	-24.852993	0.017563	0.000004	0.000916	-0.000295	0.000000	NaN	NaN	NaN	NaN	NaN	NaN	NaN
398.000000	714.285714	0.000000	684.931507	0.000000	714.253800	-24.853736	-24.850747	0.023886	-0.000080	0.000700	-0.000299	0.000000	NaN	NaN	NaN	NaN	NaN	NaN	NaN
399.000000	714.285714	0.000000	694.444444	0.000000	714.253800	-24.846401	-24.785186	0.031087	-0.000011	0.000515	-0.000266	0.000000	NaN	NaN	NaN	NaN	NaN	NaN	NaN
400.000000	714.285714	0.000000	704.225352	0.000000	714.253800	-24.878183	-24.802226	0.051040	-0.000009	0.000548	-0.000295	0.000000	NaN	NaN	NaN	NaN	NaN	NaN	NaN
401.000000	714.285714	0.000000	714.285714	0.000000	714.253800	-25.072546	-24.857493	0.064762	-0.000132	0.000693	-0.000278	0.000000	NaN	NaN	NaN	NaN	NaN	NaN	NaN
402.000000	714.285714	0.000000	724.637681	0.000000	714.253800	-24.865772	-24.793007	0.055244	-0.000070	0.000653	-0.000293	0.000000	NaN	NaN	NaN	NaN	NaN	NaN	NaN
403.000000	714.285714	0.000000	735.294118	0.000000	714.253800	-24.982833	-24.883042	0.106959	0.000024	0.000617	-0.000294	0.000000	NaN	NaN	NaN	NaN	NaN	NaN	NaN
404.000000	714.285714	0.000000	746.268657	0.000000	714.253800	-24.973252	-24.799308	0.084068	0.000066	0.000722	-0.000303	0.000000	NaN	NaN	NaN	NaN	NaN	NaN	NaN
405.000000	714.285714	0.000000	757.575758	0.000000	714.253800	-24.859571	-24.777053	0.057585	-0.000238	0.000462	-0.000295	0.000000	NaN	NaN	NaN	NaN	NaN	NaN	NaN
406.000000	714.285714	0.000000	769.230769	0.000000	714.253800	-24.940338	-24.838361	0.053788	-0.000156	0.000694	-0.000278	0.000000	NaN	NaN	NaN	NaN	NaN	NaN	NaN
407.000000	714.285714	0.000000	781.250000	0.000000	714.253800	-24.891281	-24.883296	0.039708	-0.000034	0.000738	-0.000291	0.000000	NaN	NaN	NaN	NaN	NaN	NaN	NaN
408.000000	714.285714	0.000000	793.650794	0.000000	714.253800	-24.844325	-24.908995	0.033157	0.000064	0.000717	-0.000291	0.000000	NaN	NaN	NaN	NaN	NaN	NaN	NaN
409.000000	724.637681	0.000000	581.395349	0.000000	724.631500	-24.907187	-24.897741	-0.002406	0.000105	0.000683	-0.000287	0.000000	NaN	NaN	NaN	NaN	NaN	NaN	NaN
410.000000	724.637681	0.000000	588.235294	0.000000	724.631500	-24.869644	-24.854111	-0.001254	0.000029	0.000636	-0.000266	0.000000	NaN	NaN	NaN	NaN	NaN	NaN	NaN
411.000000	724.637681	0.000000	595.238095	0.000000	724.631500	-24.900182	-24.846244	-0.001581	0.000121	0.000658	-0.000295	0.000000	NaN	NaN	NaN	NaN	NaN	NaN	NaN
412.000000	724.637681	0.000000	602.409639	0.000000	724.631500	-24.834081	-24.872973	0.012520	-0.000314	0.000862	-0.000266	0.000000	NaN	NaN	NaN	NaN	NaN	NaN	NaN
413.000000	724.637681	0.000000	609.756098	0.000000	724.631500	-24.879335	-24.881987	0.017817	0.000223	0.000514	-0.000307	0.000000	NaN	NaN	NaN	NaN	NaN	NaN	NaN
414.000000	724.637681	0.000000	617.283951	0.000000	724.631500	-24.950721	-24.785345	0.017467	0.000120	0.000698	-0.000311	0.000000	NaN	NaN	NaN	NaN	NaN	NaN	NaN
415.000000	724.637681	0.000000	625.000000	0.000000	724.631500	-24.926230	-24.865091	0.013780	0.000146	0.000457	-0.000280	0.000000	NaN	NaN	NaN	NaN	NaN	NaN	NaN
416.000000	724.637681	0.000000	632.911392	0.000000	724.631500	-24.927686	-24.794002	0.012496	-0.000041	0.000747	-0.000279	0.000000	NaN	NaN	NaN	NaN	NaN	NaN	NaN
417.000000	724.637681	0.000000	641.025641	0.000000	724.631500	-24.847351	-24.783515	0.013963	0.000075	0.000556	-0.000266	0.000000	NaN	NaN	NaN	NaN	NaN	NaN	NaN
418.000000	724.637681	0.000000	649.350649	0.000000	724.631500	-24.895903	-24.821320	0.013905	-0.000059	0.000499	-0.000311	0.000000	NaN	NaN	NaN	NaN	NaN	NaN	NaN
419.000000	724.637681	0.000000	657.894737	0.000000	724.631500	-24.837539	-24.819086	0.015933	-0.000139	0.000487	-0.000291	0.000000	NaN	NaN	NaN	NaN	NaN	NaN	NaN
420.000000	724.637681	0.000000	666.666667	0.000000	724.631500	-24.879440	-24.875693	0.016975	-0.000115	0.000423	-0.000291	0.000000	NaN	NaN	NaN	NaN	NaN	NaN	NaN
421.000000	724.637681	0.000000	675.675676	0.000000	724.631500	-24.931469	-24.775687	0.017986	-0.000147	0.000473	-0.000289	0.000000	NaN	NaN	NaN	NaN	NaN	NaN	NaN
422.000000	724.637681	0.000000	684.931507	0.000000	724.631500	-24.976568	-24.773441	0.021907	0.000186	0.000401	-0.000283	0.000000	NaN	NaN	NaN	NaN	NaN	NaN	NaN
423.000000	724.637681	0.000000	694.444444	0.000000	724.631500	-24.969234	-24.908018	0.023686	-0.000323	0.000521	-0.000282	0.000000	NaN	NaN	NaN	NaN	NaN	NaN	NaN
424.000000	724.637681	0.000000	704.225352	0.000000	724.631500	-24.934303	-24.791633	0.031857	-0.000068	0.000825	-0.000265	0.000000	NaN	NaN	NaN	NaN	NaN	NaN	NaN
425.000000	724.637681	0.000000	714.285714	0.000000	724.631500	-24.928528	-24.780187	0.052518	-0.000223	0.000379	-0.000303	0.000000	NaN	NaN	NaN	NaN	NaN	NaN	NaN
426.000000	724.637681	0.000000	724.637681	0.000000	724.631500	-24.855179	-24.849127	0.062838	0.000070	0.000608	-0.000305	0.000000	NaN	NaN	NaN	NaN	NaN	NaN	NaN
427.000000	724.637681	0.000000	735.294118	0.000000	724.631500	-24.905527	-24.805736	0.044292	-0.000024	0.000522	-0.000276	0.000000	NaN	NaN	NaN	NaN	NaN	NaN	NaN
428.000000	724.637681	0.000000	746.268657	0.000000	724.631500	-24.895946	-24.788715	0.084159	-0.000013	0.000462	-0.000259	0.000000	NaN	NaN	NaN	NaN	NaN	NaN	NaN
429.000000	724.637681	0.000000	757.575758	0.000000	724.631500	-24.915691	-24.966598	0.071403	-0.000207	0.000692	-0.000324	0.000000	NaN	NaN	NaN	NaN	NaN	NaN	NaN
430.000000	724.637681	0.000000	769.230769	0.000000	724.631500	-24.929745	-24.827768	0.044073	0.000188	0.000684	-0.000280	0.000000	NaN	NaN	NaN	NaN	NaN	NaN	NaN
431.000000	724.637681	0.000000	781.250000	0.000000	724.631500	-24.947401	-24.872703	0.036525	0.000084	0.000698	-0.000274	0.000000	NaN	NaN	NaN	NaN	NaN	NaN	NaN
432.000000	724.637681	0.000000	793.650794	0.000000	724.631500	-24.967157	-24.831689	0.031495	0.000093	0.000316	-0.000286	0.000000	NaN	NaN	NaN	NaN	NaN	NaN	NaN
433.000000	735.294118	0.000000	581.395349	0.000000	735.315500	-24.863003	-24.853556	-0.001034	-0.000130	0.000704	-0.000280	0.000000	NaN	NaN	NaN	NaN	NaN	NaN	NaN
434.000000	735.294118	0.000000	588.235294	0.000000	735.315500	-24.958885	-24.809926	0.001000	0.000006	0.000701	-0.000299	0.000000	NaN	NaN	NaN	NaN	NaN	NaN	NaN
435.000000	735.294118	0.000000	595.238095	0.000000	735.315500	-24.922710	-24.802059	-0.000606	0.000158	0.000421	-0.000295	0.000000	NaN	NaN	NaN	NaN	NaN	NaN	NaN
436.000000	735.294118	0.000000	602.409639	0.000000	735.315500	-24.923322	-24.828788	0.013746	0.000077	0.000620	-0.000269	0.000000	NaN	NaN	NaN	NaN	NaN	NaN	NaN
437.000000	735.294118	0.000000	609.756098	0.000000	735.315500	-24.968576	-24.837802	0.016716	-0.000267	0.000514	-0.000270	0.000000	NaN	NaN	NaN	NaN	NaN	NaN	NaN
438.000000	735.294118	0.000000	617.283951	0.000000	735.315500	-24.906537	-24.874586	0.017740	-0.000226	0.000697	-0.000276	0.000000	NaN	NaN	NaN	NaN	NaN	NaN	NaN
439.000000	735.294118	0.000000	625.000000	0.000000	735.315500	-24.882045	-24.820906	0.014951	-0.000241	0.000779	-0.000277	0.000000	NaN	NaN	NaN	NaN	NaN	NaN	NaN
440.000000	735.294118	0.000000	632.911392	0.000000	735.315500	-24.883501	-24.883242	0.015323	-0.000105	0.000492	-0.000257	0.000000	NaN	NaN	NaN	NaN	NaN	NaN	NaN
441.000000	735.294118	0.000000	641.025641	0.000000	735.315500	-24.936591	-24.872756	0.014568	-0.000084	0.000691	-0.000290	0.000000	NaN	NaN	NaN	NaN	NaN	NaN	NaN
442.000000	735.294118	0.000000	649.350649	0.000000	735.315500	-24.851718	-24.843848	0.013657	-0.000097	0.000593	-0.000266	0.000000	NaN	NaN	NaN	NaN	NaN	NaN	NaN
443.000000	735.294118	0.000000	657.894737	0.000000	735.315500	-24.926780	-24.774901	0.016725	-0.000105	0.000641	-0.000266	0.000000	NaN	NaN	NaN	NaN	NaN	NaN	NaN
444.000000	735.294118	0.000000	666.666667	0.000000	735.315500	-24.968681	-24.764796	0.014915	0.000189	0.000577	-0.000272	0.000000	NaN	NaN	NaN	NaN	NaN	NaN	NaN
445.000000	735.294118	0.000000	675.675676	0.000000	735.315500	-24.887284	-24.864928	0.016508	0.000223	0.000468	-0.000292	0.000000	NaN	NaN	NaN	NaN	NaN	NaN	NaN
446.000000	735.294118	0.000000	684.931507	0.000000	735.315500	-24.932384	-24.862682	0.024014	0.000154	0.000541	-0.000261	0.000000	NaN	NaN	NaN	NaN	NaN	NaN	NaN
447.000000	735.294118	0.000000	694.444444	0.000000	735.315500	-24.925049	-24.797121	0.020224	-0.000204	0.000866	-0.000296	0.000000	NaN	NaN	NaN	NaN	NaN	NaN	NaN
448.000000	735.294118	0.000000	704.225352	0.000000	735.315500	-24.890118	-24.880873	0.025032	-0.000193	0.000543	-0.000294	0.000000	NaN	NaN	NaN	NaN	NaN	NaN	NaN
449.000000	735.294118	0.000000	714.285714	0.000000	735.315500	-24.884343	-24.869428	0.029727	-0.000001	0.000679	-0.000264	0.000000	NaN	NaN	NaN	NaN	NaN	NaN	NaN
450.000000	735.294118	0.000000	724.637681	0.000000	735.315500	-24.944419	-24.804942	0.047610	-0.000049	0.000560	-0.000299	0.000000	NaN	NaN	NaN	NaN	NaN	NaN	NaN
451.000000	735.294118	0.000000	735.294118	0.000000	735.315500	-24.861342	-24.894977	0.060557	-0.000025	0.000580	-0.000253	0.000000	NaN	NaN	NaN	NaN	NaN	NaN	NaN
452.000000	735.294118	0.000000	746.268657	0.000000	735.315500	-24.851761	-24.877956	0.043391	-0.000062	0.000596	-0.000309	0.000000	NaN	NaN	NaN	NaN	NaN	NaN	NaN
453.000000	735.294118	0.000000	757.575758	0.000000	735.315500	-24.871506	-24.788987	0.061473	0.000131	0.000600	-0.000271	0.000000	NaN	NaN	NaN	NaN	NaN	NaN	NaN
454.000000	735.294118	0.000000	769.230769	0.000000	735.315500	-24.885560	-24.850296	0.052014	-0.000131	0.000866	-0.000298	0.000000	NaN	NaN	NaN	NaN	NaN	NaN	NaN
455.000000	735.294118	0.000000	781.250000	0.000000	735.315500	-24.903216	-24.761805	0.027862	0.000076	0.000554	-0.000265	0.000000	NaN	NaN	NaN	NaN	NaN	NaN	NaN
456.000000	735.294118	0.000000	793.650794	0.000000	735.315500	-24.922972	-24.787504	0.028224	0.000005	0.000639	-0.000290	0.000000	NaN	NaN	NaN	NaN	NaN	NaN	NaN
457.000000	746.268657	0.000000	581.395349	0.000000	746.305400	-24.901507	-24.892060	-0.000304	0.000017	0.000465	-0.000286	0.000000	NaN	NaN	NaN	NaN	NaN	NaN	NaN
458.000000	746.268657	0.000000	588.235294	0.000000	746.305400	-24.863964	-24.848430	0.002912	-0.000021	0.000683	-0.000300	0.000000	NaN	NaN	NaN	NaN	NaN	NaN	NaN
459.000000	746.268657	0.000000	595.238095	0.000000	746.305400	-24.894501	-24.840563	-0.000687	0.000074	0.000607	-0.000253	0.000000	NaN	NaN	NaN	NaN	NaN	NaN	NaN
460.000000	746.268657	0.000000	602.409639	0.000000	746.305400	-24.895113	-24.867292	0.011399	0.000021	0.000842	-0.000287	0.000000	NaN	NaN	NaN	NaN	NaN	NaN	NaN
461.000000	746.268657	0.000000	609.756098	0.000000	746.305400	-24.873655	-24.876307	0.016432	0.000032	0.000772	-0.000286	0.000000	NaN	NaN	NaN	NaN	NaN	NaN	NaN
462.000000	746.268657	0.000000	617.283951	0.000000	746.305400	-24.945041	-24.779664	0.016477	-0.000036	0.000685	-0.000305	0.000000	NaN	NaN	NaN	NaN	NaN	NaN	NaN
463.000000	746.268657	0.000000	625.000000	0.000000	746.305400	-24.853836	-24.859410	0.015057	0.000095	0.000742	-0.000295	0.000000	NaN	NaN	NaN	NaN	NaN	NaN	NaN
464.000000	746.268657	0.000000	632.911392	0.000000	746.305400	-24.922005	-24.788321	0.015794	-0.000146	0.000683	-0.000278	0.000000	NaN	NaN	NaN	NaN	NaN	NaN	NaN
465.000000	746.268657	0.000000	641.025641	0.000000	746.305400	-24.908383	-24.777834	0.014634	-0.000066	0.000775	-0.000276	0.000000	NaN	NaN	NaN	NaN	NaN	NaN	NaN
466.000000	746.268657	0.000000	649.350649	0.000000	746.305400	-25.023648	-24.815639	0.015487	0.000022	0.000554	-0.000299	0.000000	NaN	NaN	NaN	NaN	NaN	NaN	NaN
467.000000	746.268657	0.000000	657.894737	0.000000	746.305400	-24.831858	-24.880118	0.015563	0.000109	0.000563	-0.000263	0.000000	NaN	NaN	NaN	NaN	NaN	NaN	NaN
468.000000	746.268657	0.000000	666.666667	0.000000	746.305400	-24.940472	-24.870013	0.015298	-0.000147	0.000555	-0.000278	0.000000	NaN	NaN	NaN	NaN	NaN	NaN	NaN
469.000000	746.268657	0.000000	675.675676	0.000000	746.305400	-24.925788	-24.770006	0.013921	-0.000006	0.000527	-0.000280	0.000000	NaN	NaN	NaN	NaN	NaN	NaN	NaN
470.000000	746.268657	0.000000	684.931507	0.000000	746.305400	-24.837462	-24.767761	0.021429	-0.000060	0.000767	-0.000287	0.000000	NaN	NaN	NaN	NaN	NaN	NaN	NaN
471.000000	746.268657	0.000000	694.444444	0.000000	746.305400	-24.830127	-24.902338	0.018574	-0.000108	0.000721	-0.000257	0.000000	NaN	NaN	NaN	NaN	NaN	NaN	NaN
472.000000	746.268657	0.000000	704.225352	0.000000	746.305400	-24.928622	-24.785952	0.021435	-0.000128	0.000468	-0.000294	0.000000	NaN	NaN	NaN	NaN	NaN	NaN	NaN
473.000000	746.268657	0.000000	714.285714	0.000000	746.305400	-24.922847	-24.841219	0.024147	-0.000104	0.000580	-0.000249	0.000000	NaN	NaN	NaN	NaN	NaN	NaN	NaN
474.000000	746.268657	0.000000	724.637681	0.000000	746.305400	-24.849498	-24.910159	0.028974	-0.000401	0.000673	-0.000319	0.000000	NaN	NaN	NaN	NaN	NaN	NaN	NaN
475.000000	746.268657	0.000000	735.294118	0.000000	746.305400	-24.966559	-24.866768	0.048656	-0.000015	0.000531	-0.000269	0.000000	NaN	NaN	NaN	NaN	NaN	NaN	NaN
476.000000	746.268657	0.000000	746.268657	0.000000	746.305400	-24.956978	-24.783034	0.062038	-0.000140	0.000706	-0.000286	0.000000	NaN	NaN	NaN	NaN	NaN	NaN	NaN
477.000000	746.268657	0.000000	757.575758	0.000000	746.305400	-24.910010	-24.894204	0.041634	-0.000025	0.000726	-0.000261	0.000000	NaN	NaN	NaN	NaN	NaN	NaN	NaN
478.000000	746.268657	0.000000	769.230769	0.000000	746.305400	-24.924065	-24.822087	0.040141	-0.000265	0.000611	-0.000277	0.000000	NaN	NaN	NaN	NaN	NaN	NaN	NaN
479.000000	746.268657	0.000000	781.250000	0.000000	746.305400	-24.875007	-24.867022	0.033453	0.000023	0.000772	-0.000303	0.000000	NaN	NaN	NaN	NaN	NaN	NaN	NaN
480.000000	746.268657	0.000000	793.650794	0.000000	746.305400	-24.961477	-24.892721	0.022397	0.000018	0.000604	-0.000256	0.000000	NaN	NaN	NaN	NaN	NaN	NaN	NaN
481.000000	757.575758	0.000000	581.395349	0.000000	757.601000	-24.852000	-24.842553	-0.001161	0.000109	0.000653	-0.000304	0.000000	NaN	NaN	NaN	NaN	NaN	NaN	NaN
482.000000	757.575758	0.000000	588.235294	0.000000	757.601000	-24.947882	-24.865636	0.001251	0.000202	0.000587	-0.000282	0.000000	NaN	NaN	NaN	NaN	NaN	NaN	NaN
483.000000	757.575758	0.000000	595.238095	0.000000	757.601000	-24.911707	-24.791057	-0.001399	0.000069	0.000679	-0.000283	0.000000	NaN	NaN	NaN	NaN	NaN	NaN	NaN
484.000000	757.575758	0.000000	602.409639	0.000000	757.601000	-24.912319	-24.817785	0.008054	0.000010	0.000617	-0.000307	0.000000	NaN	NaN	NaN	NaN	NaN	NaN	NaN
485.000000	757.575758	0.000000	609.756098	0.000000	757.601000	-24.957573	-24.826800	0.011982	0.000060	0.000676	-0.000278	0.000000	NaN	NaN	NaN	NaN	NaN	NaN	NaN
486.000000	757.575758	0.000000	617.283951	0.000000	757.601000	-24.895534	-24.863583	0.014050	-0.000125	0.000560	-0.000287	0.000000	NaN	NaN	NaN	NaN	NaN	NaN	NaN
487.000000	757.575758	0.000000	625.000000	0.000000	757.601000	-24.871042	-24.809903	0.012633	0.000059	0.000552	-0.000305	0.000000	NaN	NaN	NaN	NaN	NaN	NaN	NaN
488.000000	757.575758	0.000000	632.911392	0.000000	757.601000	-24.872498	-24.872240	0.014177	-0.000163	0.000775	-0.000271	0.000000	NaN	NaN	NaN	NaN	NaN	NaN	NaN
489.000000	757.575758	0.000000	641.025641	0.000000	757.601000	-24.925589	-24.861753	0.013643	-0.000045	0.000612	-0.000254	0.000000	NaN	NaN	NaN	NaN	NaN	NaN	NaN
490.000000	757.575758	0.000000	649.350649	0.000000	757.601000	-24.840715	-24.832845	0.011422	-0.000022	0.000561	-0.000282	0.000000	NaN	NaN	NaN	NaN	NaN	NaN	NaN
491.000000	757.575758	0.000000	657.894737	0.000000	757.601000	-24.915777	-24.763898	0.013197	0.000123	0.000643	-0.000266	0.000000	NaN	NaN	NaN	NaN	NaN	NaN	NaN
492.000000	757.575758	0.000000	666.666667	0.000000	757.601000	-24.957678	-24.753793	0.012922	0.000171	0.000801	-0.000269	0.000000	NaN	NaN	NaN	NaN	NaN	NaN	NaN
493.000000	757.575758	0.000000	675.675676	0.000000	757.601000	-24.942994	-24.853925	0.012681	-0.000293	0.000955	-0.000305	0.000000	NaN	NaN	NaN	NaN	NaN	NaN	NaN
494.000000	757.575758	0.000000	684.931507	0.000000	757.601000	-24.921381	-24.851679	0.017906	0.000139	0.000669	-0.000260	0.000000	NaN	NaN	NaN	NaN	NaN	NaN	NaN
495.000000	757.575758	0.000000	694.444444	0.000000	757.601000	-24.914046	-24.786118	0.020628	-0.000016	0.000842	-0.000299	0.000000	NaN	NaN	NaN	NaN	NaN	NaN	NaN
496.000000	757.575758	0.000000	704.225352	0.000000	757.601000	-24.879116	-24.869871	0.020289	-0.000149	0.000798	-0.000284	0.000000	NaN	NaN	NaN	NaN	NaN	NaN	NaN
497.000000	757.575758	0.000000	714.285714	0.000000	757.601000	-24.940053	-24.858425	0.021252	0.000005	0.000750	-0.000270	0.000000	NaN	NaN	NaN	NaN	NaN	NaN	NaN
498.000000	757.575758	0.000000	724.637681	0.000000	757.601000	-24.933417	-24.793939	0.020819	-0.000063	0.000542	-0.000270	0.000000	NaN	NaN	NaN	NaN	NaN	NaN	NaN
499.000000	757.575758	0.000000	735.294118	0.000000	757.601000	-24.850339	-24.883974	0.024930	-0.000196	0.000793	-0.000292	0.000000	NaN	NaN	NaN	NaN	NaN	NaN	NaN
500.000000	757.575758	0.000000	746.268657	0.000000	757.601000	-24.840759	-24.866953	0.039003	-0.000189	0.000689	-0.000278	0.000000	NaN	NaN	NaN	NaN	NaN	NaN	NaN
501.000000	757.575758	0.000000	757.575758	0.000000	757.601000	-24.860503	-24.777985	0.045112	-0.000125	0.000751	-0.000303	0.000000	NaN	NaN	NaN	NaN	NaN	NaN	NaN
502.000000	757.575758	0.000000	769.230769	0.000000	757.601000	-24.874558	-24.839293	0.030160	-0.000147	0.000725	-0.000279	0.000000	NaN	NaN	NaN	NaN	NaN	NaN	NaN
503.000000	757.575758	0.000000	781.250000	0.000000	757.601000	-24.892213	-24.750802	0.021999	0.000063	0.000704	-0.000292	0.000000	NaN	NaN	NaN	NaN	NaN	NaN	NaN
504.000000	757.575758	0.000000	793.650794	0.000000	757.601000	-24.911970	-24.776501	0.024835	-0.000279	0.000781	-0.000265	0.000000	NaN	NaN	NaN	NaN	NaN	NaN	NaN
505.000000	769.230769	0.000000	581.395349	0.000000	769.202000	-24.854962	-24.845515	-0.002614	0.000051	0.000614	-0.000297	0.000000	NaN	NaN	NaN	NaN	NaN	NaN	NaN
506.000000	769.230769	0.000000	588.235294	0.000000	769.202000	-24.884132	-24.801885	-0.000579	0.000025	0.000678	-0.000306	0.000000	NaN	NaN	NaN	NaN	NaN	NaN	NaN
507.000000	769.230769	0.000000	595.238095	0.000000	769.202000	-24.981382	-24.794019	-0.003351	-0.000167	0.000651	-0.000270	0.000000	NaN	NaN	NaN	NaN	NaN	NaN	NaN
508.000000	769.230769	0.000000	602.409639	0.000000	769.202000	-24.915281	-24.820748	0.006120	0.000025	0.000437	-0.000264	0.000000	NaN	NaN	NaN	NaN	NaN	NaN	NaN
509.000000	769.230769	0.000000	609.756098	0.000000	769.202000	-24.960536	-24.829762	0.009488	-0.000053	0.000595	-0.000299	0.000000	NaN	NaN	NaN	NaN	NaN	NaN	NaN
510.000000	769.230769	0.000000	617.283951	0.000000	769.202000	-24.898496	-24.866545	0.010128	-0.000175	0.000675	-0.000269	0.000000	NaN	NaN	NaN	NaN	NaN	NaN	NaN
511.000000	769.230769	0.000000	625.000000	0.000000	769.202000	-25.007430	-24.812865	0.009401	-0.000055	0.000601	-0.000303	0.000000	NaN	NaN	NaN	NaN	NaN	NaN	NaN
512.000000	769.230769	0.000000	632.911392	0.000000	769.202000	-24.875461	-24.875202	0.009742	-0.000164	0.000548	-0.000272	0.000000	NaN	NaN	NaN	NaN	NaN	NaN	NaN
513.000000	769.230769	0.000000	641.025641	0.000000	769.202000	-24.928551	-24.864715	0.010189	-0.000104	0.000652	-0.000270	0.000000	NaN	NaN	NaN	NaN	NaN	NaN	NaN
514.000000	769.230769	0.000000	649.350649	0.000000	769.202000	-24.910390	-24.902520	0.009071	0.000049	0.000615	-0.000277	0.000000	NaN	NaN	NaN	NaN	NaN	NaN	NaN
515.000000	769.230769	0.000000	657.894737	0.000000	769.202000	-24.918739	-24.833574	0.007475	0.000015	0.000497	-0.000287	0.000000	NaN	NaN	NaN	NaN	NaN	NaN	NaN
516.000000	769.230769	0.000000	666.666667	0.000000	769.202000	-24.893927	-24.823468	0.009370	0.000000	0.000715	-0.000264	0.000000	NaN	NaN	NaN	NaN	NaN	NaN	NaN
517.000000	769.230769	0.000000	675.675676	0.000000	769.202000	-24.879244	-24.856887	0.008602	0.000063	0.000671	-0.000268	0.000000	NaN	NaN	NaN	NaN	NaN	NaN	NaN
518.000000	769.230769	0.000000	684.931507	0.000000	769.202000	-24.924343	-24.854642	0.012484	0.000255	0.000560	-0.000264	0.000000	NaN	NaN	NaN	NaN	NaN	NaN	NaN
519.000000	769.230769	0.000000	694.444444	0.000000	769.202000	-24.917008	-24.855793	0.012735	-0.000152	0.000662	-0.000295	0.000000	NaN	NaN	NaN	NaN	NaN	NaN	NaN
520.000000	769.230769	0.000000	704.225352	0.000000	769.202000	-24.882078	-24.872833	0.013221	0.000114	0.000601	-0.000299	0.000000	NaN	NaN	NaN	NaN	NaN	NaN	NaN
521.000000	769.230769	0.000000	714.285714	0.000000	769.202000	-24.876302	-24.861387	0.015081	-0.000052	0.000623	-0.000281	0.000000	NaN	NaN	NaN	NaN	NaN	NaN	NaN
522.000000	769.230769	0.000000	724.637681	0.000000	769.202000	-24.936379	-24.863615	0.014771	-0.000140	0.000682	-0.000279	0.000000	NaN	NaN	NaN	NaN	NaN	NaN	NaN
523.000000	769.230769	0.000000	735.294118	0.000000	769.202000	-24.920014	-24.820224	0.018105	-0.000104	0.000693	-0.000269	0.000000	NaN	NaN	NaN	NaN	NaN	NaN	NaN
524.000000	769.230769	0.000000	746.268657	0.000000	769.202000	-24.910434	-24.869915	0.019108	-0.000098	0.000642	-0.000267	0.000000	NaN	NaN	NaN	NaN	NaN	NaN	NaN
525.000000	769.230769	0.000000	757.575758	0.000000	769.202000	-24.863465	-24.847660	0.026066	-0.000125	0.000908	-0.000267	0.000000	NaN	NaN	NaN	NaN	NaN	NaN	NaN
526.000000	769.230769	0.000000	769.230769	0.000000	769.202000	-24.877520	-24.908968	0.029891	0.000063	0.000541	-0.000303	0.000000	NaN	NaN	NaN	NaN	NaN	NaN	NaN
527.000000	769.230769	0.000000	781.250000	0.000000	769.202000	-24.895175	-24.820477	0.019565	-0.000173	0.000614	-0.000293	0.000000	NaN	NaN	NaN	NaN	NaN	NaN	NaN
528.000000	769.230769	0.000000	793.650794	0.000000	769.202000	-24.914932	-24.846177	0.015702	-0.000023	0.000494	-0.000303	0.000000	NaN	NaN	NaN	NaN	NaN	NaN	NaN
529.000000	781.250000	0.000000	581.395349	0.000000	781.211100	-24.881629	-24.805469	-0.004333	-0.000143	0.000701	-0.000289	0.000000	NaN	NaN	NaN	NaN	NaN	NaN	NaN
530.000000	781.250000	0.000000	588.235294	0.000000	781.211100	-24.977511	-24.761839	-0.002069	-0.000095	0.000610	-0.000262	0.000000	NaN	NaN	NaN	NaN	NaN	NaN	NaN
531.000000	781.250000	0.000000	595.238095	0.000000	781.211100	-24.941336	-24.820685	-0.004967	0.000003	0.000528	-0.000259	0.000000	NaN	NaN	NaN	NaN	NaN	NaN	NaN
532.000000	781.250000	0.000000	602.409639	0.000000	781.211100	-24.941948	-24.780701	0.001926	0.000055	0.000695	-0.000289	0.000000	NaN	NaN	NaN	NaN	NaN	NaN	NaN
533.000000	781.250000	0.000000	609.756098	0.000000	781.211100	-24.920489	-24.856429	0.006003	-0.000080	0.000616	-0.000272	0.000000	NaN	NaN	NaN	NaN	NaN	NaN	NaN
534.000000	781.250000	0.000000	617.283951	0.000000	781.211100	-24.858450	-24.826499	0.007479	0.000073	0.000524	-0.000301	0.000000	NaN	NaN	NaN	NaN	NaN	NaN	NaN
535.000000	781.250000	0.000000	625.000000	0.000000	781.211100	-24.900671	-24.772819	0.006521	0.000050	0.000460	-0.000292	0.000000	NaN	NaN	NaN	NaN	NaN	NaN	NaN
536.000000	781.250000	0.000000	632.911392	0.000000	781.211100	-24.835414	-24.835156	0.007425	-0.000062	0.000669	-0.000282	0.000000	NaN	NaN	NaN	NaN	NaN	NaN	NaN
537.000000	781.250000	0.000000	641.025641	0.000000	781.211100	-24.955218	-24.891382	0.007197	0.000050	0.000630	-0.000283	0.000000	NaN	NaN	NaN	NaN	NaN	NaN	NaN
538.000000	781.250000	0.000000	649.350649	0.000000	781.211100	-24.870344	-24.862474	0.006579	0.000114	0.000572	-0.000295	0.000000	NaN	NaN	NaN	NaN	NaN	NaN	NaN
539.000000	781.250000	0.000000	657.894737	0.000000	781.211100	-24.945406	-24.793527	0.006443	-0.000184	0.000627	-0.000280	0.000000	NaN	NaN	NaN	NaN	NaN	NaN	NaN
540.000000	781.250000	0.000000	666.666667	0.000000	781.211100	-24.853881	-24.783422	0.004897	-0.000079	0.000636	-0.000276	0.000000	NaN	NaN	NaN	NaN	NaN	NaN	NaN
541.000000	781.250000	0.000000	675.675676	0.000000	781.211100	-24.839197	-24.883554	0.006440	-0.000092	0.000664	-0.000284	0.000000	NaN	NaN	NaN	NaN	NaN	NaN	NaN
542.000000	781.250000	0.000000	684.931507	0.000000	781.211100	-24.884297	-24.881308	0.008834	-0.000011	0.000792	-0.000286	0.000000	NaN	NaN	NaN	NaN	NaN	NaN	NaN
543.000000	781.250000	0.000000	694.444444	0.000000	781.211100	-24.876962	-24.815747	0.009083	0.000031	0.000625	-0.000298	0.000000	NaN	NaN	NaN	NaN	NaN	NaN	NaN
544.000000	781.250000	0.000000	704.225352	0.000000	781.211100	-24.908744	-24.899499	0.011619	-0.000202	0.000656	-0.000269	0.000000	NaN	NaN	NaN	NaN	NaN	NaN	NaN
545.000000	781.250000	0.000000	714.285714	0.000000	781.211100	-24.836256	-24.888054	0.011851	-0.000009	0.000629	-0.000279	0.000000	NaN	NaN	NaN	NaN	NaN	NaN	NaN
546.000000	781.250000	0.000000	724.637681	0.000000	781.211100	-24.963046	-24.823568	0.011692	0.000012	0.000654	-0.000272	0.000000	NaN	NaN	NaN	NaN	NaN	NaN	NaN
547.000000	781.250000	0.000000	735.294118	0.000000	781.211100	-24.879968	-24.913603	0.013545	0.000014	0.000929	-0.000293	0.000000	NaN	NaN	NaN	NaN	NaN	NaN	NaN
548.000000	781.250000	0.000000	746.268657	0.000000	781.211100	-24.870388	-24.829869	0.014388	-0.000027	0.000635	-0.000286	0.000000	NaN	NaN	NaN	NaN	NaN	NaN	NaN
549.000000	781.250000	0.000000	757.575758	0.000000	781.211100	-24.890132	-24.807614	0.016034	-0.000165	0.000756	-0.000287	0.000000	NaN	NaN	NaN	NaN	NaN	NaN	NaN
550.000000	781.250000	0.000000	769.230769	0.000000	781.211100	-24.904187	-25.002347	0.018224	-0.000097	0.000992	-0.000251	0.000000	NaN	NaN	NaN	NaN	NaN	NaN	NaN
551.000000	781.250000	0.000000	781.250000	0.000000	781.211100	-24.921842	-24.780431	0.017879	0.000035	0.000435	-0.000270	0.000000	NaN	NaN	NaN	NaN	NaN	NaN	NaN
552.000000	781.250000	0.000000	793.650794	0.000000	781.211100	-24.874886	-24.806130	0.014375	-0.000088	0.000487	-0.000267	0.000000	NaN	NaN	NaN	NaN	NaN	NaN	NaN
553.000000	793.650794	0.000000	581.395349	0.000000	793.627700	-24.839973	-24.830526	-0.005819	0.000011	0.000699	-0.000277	0.000000	NaN	NaN	NaN	NaN	NaN	NaN	NaN
554.000000	793.650794	0.000000	588.235294	0.000000	793.627700	-24.935855	-24.853609	-0.004461	-0.000059	0.000776	-0.000266	0.000000	NaN	NaN	NaN	NaN	NaN	NaN	NaN
555.000000	793.650794	0.000000	595.238095	0.000000	793.627700	-24.899680	-24.779030	-0.005745	-0.000031	0.000555	-0.000280	0.000000	NaN	NaN	NaN	NaN	NaN	NaN	NaN
556.000000	793.650794	0.000000	602.409639	0.000000	793.627700	-24.900292	-24.805759	-0.001510	0.000047	0.000769	-0.000257	0.000000	NaN	NaN	NaN	NaN	NaN	NaN	NaN
557.000000	793.650794	0.000000	609.756098	0.000000	793.627700	-24.945547	-24.814773	0.001944	0.000069	0.000755	-0.000278	0.000000	NaN	NaN	NaN	NaN	NaN	NaN	NaN
558.000000	793.650794	0.000000	617.283951	0.000000	793.627700	-24.883507	-24.851556	0.002420	-0.000028	0.000650	-0.000291	0.000000	NaN	NaN	NaN	NaN	NaN	NaN	NaN
559.000000	793.650794	0.000000	625.000000	0.000000	793.627700	-24.859015	-24.797876	0.002756	0.000086	0.000725	-0.000286	0.000000	NaN	NaN	NaN	NaN	NaN	NaN	NaN
560.000000	793.650794	0.000000	632.911392	0.000000	793.627700	-24.993897	-24.860213	0.002786	-0.000028	0.000438	-0.000274	0.000000	NaN	NaN	NaN	NaN	NaN	NaN	NaN
561.000000	793.650794	0.000000	641.025641	0.000000	793.627700	-24.913562	-24.849726	0.002690	-0.000212	0.000508	-0.000270	0.000000	NaN	NaN	NaN	NaN	NaN	NaN	NaN
562.000000	793.650794	0.000000	649.350649	0.000000	793.627700	-24.828688	-24.820819	0.002679	-0.000084	0.000605	-0.000286	0.000000	NaN	NaN	NaN	NaN	NaN	NaN	NaN
563.000000	793.650794	0.000000	657.894737	0.000000	793.627700	-24.903750	-24.885297	0.003029	-0.000204	0.000439	-0.000285	0.000000	NaN	NaN	NaN	NaN	NaN	NaN	NaN
564.000000	793.650794	0.000000	666.666667	0.000000	793.627700	-24.945651	-24.808479	0.002281	-0.000119	0.000799	-0.000240	0.000000	NaN	NaN	NaN	NaN	NaN	NaN	NaN
565.000000	793.650794	0.000000	675.675676	0.000000	793.627700	-24.930967	-24.841898	0.003592	0.000061	0.000748	-0.000261	0.000000	NaN	NaN	NaN	NaN	NaN	NaN	NaN
566.000000	793.650794	0.000000	684.931507	0.000000	793.627700	-24.909354	-24.839653	0.004936	0.000036	0.000587	-0.000272	0.000000	NaN	NaN	NaN	NaN	NaN	NaN	NaN
567.000000	793.650794	0.000000	694.444444	0.000000	793.627700	-24.902019	-24.840804	0.005569	0.000043	0.000540	-0.000287	0.000000	NaN	NaN	NaN	NaN	NaN	NaN	NaN
568.000000	793.650794	0.000000	704.225352	0.000000	793.627700	-24.867089	-24.857844	0.006718	0.000015	0.000704	-0.000306	0.000000	NaN	NaN	NaN	NaN	NaN	NaN	NaN
569.000000	793.650794	0.000000	714.285714	0.000000	793.627700	-24.928026	-24.846398	0.008836	0.000160	0.000650	-0.000293	0.000000	NaN	NaN	NaN	NaN	NaN	NaN	NaN
570.000000	793.650794	0.000000	724.637681	0.000000	793.627700	-24.921390	-24.781913	0.009636	0.000137	0.000592	-0.000265	0.000000	NaN	NaN	NaN	NaN	NaN	NaN	NaN
571.000000	793.650794	0.000000	735.294118	0.000000	793.627700	-24.838312	-24.871948	0.010943	-0.000158	0.000706	-0.000282	0.000000	NaN	NaN	NaN	NaN	NaN	NaN	NaN
572.000000	793.650794	0.000000	746.268657	0.000000	793.627700	-24.962158	-24.854926	0.010871	0.000122	0.000586	-0.000266	0.000000	NaN	NaN	NaN	NaN	NaN	NaN	NaN
573.000000	793.650794	0.000000	757.575758	0.000000	793.627700	-24.848476	-24.832671	0.010221	0.000072	0.000536	-0.000280	0.000000	NaN	NaN	NaN	NaN	NaN	NaN	NaN
574.000000	793.650794	0.000000	769.230769	0.000000	793.627700	-24.862531	-24.827266	0.008871	-0.000033	0.000598	-0.000303	0.000000	NaN	NaN	NaN	NaN	NaN	NaN	NaN
575.000000	793.650794	0.000000	781.250000	0.000000	793.627700	-24.880186	-24.872201	0.007392	-0.000254	0.000702	-0.000274	0.000000	NaN	NaN	NaN	NaN	NaN	NaN	NaN
576.000000	793.650794	0.000000	793.650794	0.000000	793.627700	-24.899943	-24.764475	0.011234	-0.000039	0.000683	-0.000295	0.000000	NaN	NaN	NaN	NaN	NaN	NaN	NaN
