1.000000	581.395349	0.000000	581.395349	0.000000	581.442000	-99.928209	-99.785337	0.005894	0.000181	0.000337	-0.000282	0.000000	NaN	NaN	NaN	NaN	NaN	NaN	NaN
2.000000	581.395349	0.000000	588.235294	0.000000	581.442000	-99.890666	-99.875132	0.000152	-0.000104	0.000988	-0.000287	0.000000	NaN	NaN	NaN	NaN	NaN	NaN	NaN
3.000000	581.395349	0.000000	595.238095	0.000000	581.442000	-99.921204	-99.867266	-0.006620	0.000064	0.000713	-0.000298	0.000000	NaN	NaN	NaN	NaN	NaN	NaN	NaN
4.000000	581.395349	0.000000	602.409639	0.000000	581.442000	-99.855103	-99.893995	-0.001814	-0.000084	0.000652	-0.000282	0.000000	NaN	NaN	NaN	NaN	NaN	NaN	NaN
5.000000	581.395349	0.000000	609.756098	0.000000	581.442000	-99.900357	-99.769583	0.003925	-0.000284	0.000668	-0.000286	0.000000	NaN	NaN	NaN	NaN	NaN	NaN	NaN
6.000000	581.395349	0.000000	617.283951	0.000000	581.442000	-99.971743	-99.806367	0.005656	-0.000062	0.000674	-0.000295	0.000000	NaN	NaN	NaN	NaN	NaN	NaN	NaN
7.000000	581.395349	0.000000	625.000000	0.000000	581.442000	-99.880539	-99.886113	0.003059	-0.000074	0.000631	-0.000266	0.000000	NaN	NaN	NaN	NaN	NaN	NaN	NaN
8.000000	581.395349	0.000000	632.911392	0.000000	581.442000	-99.948708	-99.815024	0.006544	0.000028	0.000571	-0.000304	0.000000	NaN	NaN	NaN	NaN	NaN	NaN	NaN
9.000000	581.395349	0.000000	641.025641	0.000000	581.442000	-99.868372	-99.804537	0.002902	-0.000118	0.000535	-0.000270	0.000000	NaN	NaN	NaN	NaN	NaN	NaN	NaN
10.000000	581.395349	0.000000	649.350649	0.000000	581.442000	-99.916924	-99.842342	-0.003451	0.000054	0.000599	-0.000288	0.000000	NaN	NaN	NaN	NaN	NaN	NaN	NaN
11.000000	581.395349	0.000000	657.894737	0.000000	581.442000	-99.858561	-99.840108	-0.005950	-0.000136	0.000571	-0.000277	0.000000	NaN	NaN	NaN	NaN	NaN	NaN	NaN
12.000000	581.395349	0.000000	666.666667	0.000000	581.442000	-99.900462	-99.896715	-0.006571	-0.000094	0.000680	-0.000287	0.000000	NaN	NaN	NaN	NaN	NaN	NaN	NaN
13.000000	581.395349	0.000000	675.675676	0.000000	581.442000	-99.952491	-99.796709	-0.007569	-0.000145	0.000559	-0.000283	0.000000	NaN	NaN	NaN	NaN	NaN	NaN	NaN
14.000000	581.395349	0.000000	684.931507	0.000000	581.442000	-99.864165	-99.794463	-0.008217	-0.000038	0.000457	-0.000286	0.000000	NaN	NaN	NaN	NaN	NaN	NaN	NaN
15.000000	581.395349	0.000000	694.444444	0.000000	581.442000	-99.856830	-99.795615	-0.007961	0.000078	0.000789	-0.000279	0.000000	NaN	NaN	NaN	NaN	NaN	NaN	NaN
16.000000	581.395349	0.000000	704.225352	0.000000	581.442000	-99.821899	-99.812654	-0.006514	-0.000141	0.000805	-0.000267	0.000000	NaN	NaN	NaN	NaN	NaN	NaN	NaN
17.000000	581.395349	0.000000	714.285714	0.000000	581.442000	-99.949550	-99.801209	-0.008367	-0.000195	0.000543	-0.000296	0.000000	NaN	NaN	NaN	NaN	NaN	NaN	NaN
18.000000	581.395349	0.000000	724.637681	0.000000	581.442000	-99.876201	-99.803436	-0.008924	-0.000075	0.000583	-0.000295	0.000000	NaN	NaN	NaN	NaN	NaN	NaN	NaN
19.000000	581.395349	0.000000	735.294118	0.000000	581.442000	-99.926548	-99.826758	-0.009341	-0.000042	0.000580	-0.000295	0.000000	NaN	NaN	NaN	NaN	NaN	NaN	NaN
20.000000	581.395349	0.000000	746.268657	0.000000	581.442000	-99.916968	-99.809737	-0.008771	0.000031	0.000380	-0.000277	0.000000	NaN	NaN	NaN	NaN	NaN	NaN	NaN
21.000000	581.395349	0.000000	757.575758	0.000000	581.442000	-99.936712	-99.787481	-0.009536	0.000148	0.000818	-0.000291	0.000000	NaN	NaN	NaN	NaN	NaN	NaN	NaN
22.000000	581.395349	0.000000	769.230769	0.000000	581.442000	-99.950767	-99.848790	-0.010298	0.000008	0.000426	-0.000272	0.000000	NaN	NaN	NaN	NaN	NaN	NaN	NaN
23.000000	581.395349	0.000000	781.250000	0.000000	581.442000	-99.834997	-99.827012	-0.010545	0.000081	0.000740	-0.000287	0.000000	NaN	NaN	NaN	NaN	NaN	NaN	NaN
24.000000	581.395349	0.000000	793.650794	0.000000	581.442000	-99.854753	-99.852711	-0.008784	-0.000097	0.000902	-0.000279	0.000000	NaN	NaN	NaN	NaN	NaN	NaN	NaN
25.000000	588.235294	0.000000	581.395349	0.000000	588.238500	-99.871309	-99.861862	0.005791	0.000085	0.000737	-0.000295	0.000000	NaN	NaN	NaN	NaN	NaN	NaN	NaN
26.000000	588.235294	0.000000	588.235294	0.000000	588.238500	-99.833766	-99.818232	0.003831	-0.000240	0.000563	-0.000278	0.000000	NaN	NaN	NaN	NaN	NaN	NaN	NaN
27.000000	588.235294	0.000000	595.238095	0.000000	588.238500	-99.864304	-99.810366	-0.004045	-0.000166	0.000523	-0.000294	0.000000	NaN	NaN	NaN	NaN	NaN	NaN	NaN
28.000000	588.235294	0.000000	602.409639	0.000000	588.238500	-99.931628	-99.837095	-0.001548	0.000066	0.000829	-0.000298	0.000000	NaN	NaN	NaN	NaN	NaN	NaN	NaN
29.000000	588.235294	0.000000	609.756098	0.000000	588.238500	-99.843457	-99.846109	0.005942	0.000028	0.000355	-0.000265	0.000000	NaN	NaN	NaN	NaN	NaN	NaN	NaN
30.000000	588.235294	0.000000	617.283951	0.000000	588.238500	-99.914843	-99.882892	0.004522	-0.000000	0.000590	-0.000295	0.000000	NaN	NaN	NaN	NaN	NaN	NaN	NaN
31.000000	588.235294	0.000000	625.000000	0.000000	588.238500	-99.890351	-99.829212	0.003178	0.000055	0.000626	-0.000289	0.000000	NaN	NaN	NaN	NaN	NaN	NaN	NaN
32.000000	588.235294	0.000000	632.911392	0.000000	588.238500	-99.891808	-99.891549	0.003860	-0.000105	0.000596	-0.000298	0.000000	NaN	NaN	NaN	NaN	NaN	NaN	NaN
33.000000	588.235294	0.000000	641.025641	0.000000	588.238500	-99.944898	-99.881062	0.002612	-0.000215	0.000827	-0.000315	0.000000	NaN	NaN	NaN	NaN	NaN	NaN	NaN
34.000000	588.235294	0.000000	649.350649	0.000000	588.238500	-99.860024	-99.852155	-0.003370	-0.000131	0.000699	-0.000278	0.000000	NaN	NaN	NaN	NaN	NaN	NaN	NaN
35.000000	588.235294	0.000000	657.894737	0.000000	588.238500	-99.935086	-99.783208	-0.006763	0.000157	0.000671	-0.000299	0.000000	NaN	NaN	NaN	NaN	NaN	NaN	NaN
36.000000	588.235294	0.000000	666.666667	0.000000	588.238500	-99.843561	-99.773102	-0.007258	-0.000213	0.000736	-0.000263	0.000000	NaN	NaN	NaN	NaN	NaN	NaN	NaN
37.000000	588.235294	0.000000	675.675676	0.000000	588.238500	-99.895591	-99.873234	-0.008028	-0.000031	0.000680	-0.000291	0.000000	NaN	NaN	NaN	NaN	NaN	NaN	NaN
38.000000	588.235294	0.000000	684.931507	0.000000	588.238500	-99.940690	-99.870989	-0.008742	-0.000100	0.000567	-0.000278	0.000000	NaN	NaN	NaN	NaN	NaN	NaN	NaN
39.000000	588.235294	0.000000	694.444444	0.000000	588.238500	-99.933355	-99.805427	-0.008329	-0.000072	0.000672	-0.000278	0.000000	NaN	NaN	NaN	NaN	NaN	NaN	NaN
40.000000	588.235294	0.000000	704.225352	0.000000	588.238500	-99.898425	-99.889180	-0.008571	-0.000018	0.000885	-0.000266	0.000000	NaN	NaN	NaN	NaN	NaN	NaN	NaN
41.000000	588.235294	0.000000	714.285714	0.000000	588.238500	-99.892649	-99.877734	-0.009007	0.000068	0.000793	-0.000278	0.000000	NaN	NaN	NaN	NaN	NaN	NaN	NaN
42.000000	588.235294	0.000000	724.637681	0.000000	588.238500	-99.952726	-99.813249	-0.008652	-0.000040	0.000598	-0.000285	0.000000	NaN	NaN	NaN	NaN	NaN	NaN	NaN
43.000000	588.235294	0.000000	735.294118	0.000000	588.238500	-99.869648	-99.769858	-0.009339	-0.000017	0.000674	-0.000266	0.000000	NaN	NaN	NaN	NaN	NaN	NaN	NaN
44.000000	588.235294	0.000000	746.268657	0.000000	588.238500	-99.860068	-99.886262	-0.008818	0.000214	0.000745	-0.000298	0.000000	NaN	NaN	NaN	NaN	NaN	NaN	NaN
45.000000	588.235294	0.000000	757.575758	0.000000	588.238500	-99.879812	-99.797294	-0.008564	0.000193	0.000595	-0.000286	0.000000	NaN	NaN	NaN	NaN	NaN	NaN	NaN
46.000000	588.235294	0.000000	769.230769	0.000000	588.238500	-99.893867	-99.791889	-0.010564	-0.000096	0.000579	-0.000309	0.000000	NaN	NaN	NaN	NaN	NaN	NaN	NaN
47.000000	588.235294	0.000000	781.250000	0.000000	588.238500	-99.911522	-99.770111	-0.010375	0.000008	0.000755	-0.000299	0.000000	NaN	NaN	NaN	NaN	NaN	NaN	NaN
48.000000	588.235294	0.000000	793.650794	0.000000	588.238500	-99.931279	-99.795811	-0.010119	0.000096	0.000746	-0.000282	0.000000	NaN	NaN	NaN	NaN	NaN	NaN	NaN
49.000000	595.238095	0.000000	581.395349	0.000000	595.240400	-99.879812	-99.870365	0.002820	-0.000095	0.000682	-0.000274	0.000000	NaN	NaN	NaN	NaN	NaN	NaN	NaN
50.000000	595.238095	0.000000	588.235294	0.000000	595.240400	-99.842269	-99.826735	0.002933	0.000044	0.000522	-0.000274	0.000000	NaN	NaN	NaN	NaN	NaN	NaN	NaN
51.000000	595.238095	0.000000	595.238095	0.000000	595.240400	-99.872806	-99.818869	-0.000925	0.000069	0.000785	-0.000293	0.000000	NaN	NaN	NaN	NaN	NaN	NaN	NaN
52.000000	595.238095	0.000000	602.409639	0.000000	595.240400	-99.940131	-99.845597	0.002808	0.000045	0.000708	-0.000254	0.000000	NaN	NaN	NaN	NaN	NaN	NaN	NaN
53.000000	595.238095	0.000000	609.756098	0.000000	595.240400	-99.851960	-99.854612	0.001644	-0.000198	0.000452	-0.000270	0.000000	NaN	NaN	NaN	NaN	NaN	NaN	NaN
54.000000	595.238095	0.000000	617.283951	0.000000	595.240400	-99.923346	-99.891395	0.004233	0.000086	0.000613	-0.000272	0.000000	NaN	NaN	NaN	NaN	NaN	NaN	NaN
55.000000	595.238095	0.000000	625.000000	0.000000	595.240400	-99.898854	-99.837715	0.003535	0.000171	0.000573	-0.000307	0.000000	NaN	NaN	NaN	NaN	NaN	NaN	NaN
56.000000	595.238095	0.000000	632.911392	0.000000	595.240400	-99.900311	-99.900052	0.003423	0.000287	0.000585	-0.000281	0.000000	NaN	NaN	NaN	NaN	NaN	NaN	NaN
57.000000	595.238095	0.000000	641.025641	0.000000	595.240400	-99.953401	-99.889565	-0.000058	-0.000026	0.000527	-0.000282	0.000000	NaN	NaN	NaN	NaN	NaN	NaN	NaN
58.000000	595.238095	0.000000	649.350649	0.000000	595.240400	-99.868527	-99.793945	-0.002657	-0.000232	0.000810	-0.000275	0.000000	NaN	NaN	NaN	NaN	NaN	NaN	NaN
59.000000	595.238095	0.000000	657.894737	0.000000	595.240400	-99.943589	-99.791711	-0.006625	-0.000015	0.000742	-0.000279	0.000000	NaN	NaN	NaN	NaN	NaN	NaN	NaN
60.000000	595.238095	0.000000	666.666667	0.000000	595.240400	-99.852064	-99.781605	-0.007435	-0.000348	0.000604	-0.000282	0.000000	NaN	NaN	NaN	NaN	NaN	NaN	NaN
61.000000	595.238095	0.000000	675.675676	0.000000	595.240400	-99.904093	-99.881737	-0.006202	-0.000253	0.000748	-0.000290	0.000000	NaN	NaN	NaN	NaN	NaN	NaN	NaN
62.000000	595.238095	0.000000	684.931507	0.000000	595.240400	-99.949193	-99.879491	-0.006578	-0.000135	0.000664	-0.000269	0.000000	NaN	NaN	NaN	NaN	NaN	NaN	NaN
63.000000	595.238095	0.000000	694.444444	0.000000	595.240400	-99.941858	-99.813930	-0.006144	-0.000097	0.000587	-0.000299	0.000000	NaN	NaN	NaN	NaN	NaN	NaN	NaN
64.000000	595.238095	0.000000	704.225352	0.000000	595.240400	-99.906928	-99.897683	-0.006848	-0.000158	0.000649	-0.000289	0.000000	NaN	NaN	NaN	NaN	NaN	NaN	NaN
65.000000	595.238095	0.000000	714.285714	0.000000	595.240400	-99.834439	-99.886237	-0.009537	-0.000050	0.000822	-0.000293	0.000000	NaN	NaN	NaN	NaN	NaN	NaN	NaN
66.000000	595.238095	0.000000	724.637681	0.000000	595.240400	-99.961229	-99.821752	-0.009359	-0.000106	0.000493	-0.000258	0.000000	NaN	NaN	NaN	NaN	NaN	NaN	NaN
67.000000	595.238095	0.000000	735.294118	0.000000	595.240400	-99.878151	-99.778361	-0.008316	0.000049	0.000871	-0.000320	0.000000	NaN	NaN	NaN	NaN	NaN	NaN	NaN
68.000000	595.238095	0.000000	746.268657	0.000000	595.240400	-99.868571	-99.894765	-0.009874	-0.000062	0.000938	-0.000300	0.000000	NaN	NaN	NaN	NaN	NaN	NaN	NaN
69.000000	595.238095	0.000000	757.575758	0.000000	595.240400	-99.888315	-99.805797	-0.011457	0.000040	0.000613	-0.000266	0.000000	NaN	NaN	NaN	NaN	NaN	NaN	NaN
70.000000	595.238095	0.000000	769.230769	0.000000	595.240400	-99.902370	-99.733679	-0.010721	0.000062	0.000741	-0.000262	0.000000	NaN	NaN	NaN	NaN	NaN	NaN	NaN
71.000000	595.238095	0.000000	781.250000	0.000000	595.240400	-99.920025	-99.778614	-0.010388	-0.000169	0.000591	-0.000266	0.000000	NaN	NaN	NaN	NaN	NaN	NaN	NaN
72.000000	595.238095	0.000000	793.650794	0.000000	595.240400	-99.939782	-99.804314	-0.006815	0.000011	0.000667	-0.000283	0.000000	NaN	NaN	NaN	NaN	NaN	NaN	NaN
73.000000	602.409639	0.000000	581.395349	0.000000	602.447300	-99.948929	-99.872769	-0.000600	0.000104	0.000908	-0.000269	0.000000	NaN	NaN	NaN	NaN	NaN	NaN	NaN
74.000000	602.409639	0.000000	588.235294	0.000000	602.447300	-99.911385	-99.829139	0.002660	0.000059	0.000893	-0.000254	0.000000	NaN	NaN	NaN	NaN	NaN	NaN	NaN
75.000000	602.409639	0.000000	595.238095	0.000000	602.447300	-99.875210	-99.821273	0.002073	-0.000037	0.000600	-0.000291	0.000000	NaN	NaN	NaN	NaN	NaN	NaN	NaN
76.000000	602.409639	0.000000	602.409639	0.000000	602.447300	-99.875822	-99.848001	0.004290	-0.000136	0.000532	-0.000280	0.000000	NaN	NaN	NaN	NaN	NaN	NaN	NaN
77.000000	602.409639	0.000000	609.756098	0.000000	602.447300	-99.854364	-99.857016	0.003424	-0.000079	0.000414	-0.000276	0.000000	NaN	NaN	NaN	NaN	NaN	NaN	NaN
78.000000	602.409639	0.000000	617.283951	0.000000	602.447300	-99.925750	-99.760373	0.002172	0.000111	0.000724	-0.000266	0.000000	NaN	NaN	NaN	NaN	NaN	NaN	NaN
79.000000	602.409639	0.000000	625.000000	0.000000	602.447300	-99.834545	-99.840119	0.001285	-0.000082	0.000520	-0.000271	0.000000	NaN	NaN	NaN	NaN	NaN	NaN	NaN
80.000000	602.409639	0.000000	632.911392	0.000000	602.447300	-99.902715	-99.769030	0.001010	-0.000021	0.000671	-0.000274	0.000000	NaN	NaN	NaN	NaN	NaN	NaN	NaN
81.000000	602.409639	0.000000	641.025641	0.000000	602.447300	-99.889092	-99.758543	-0.000526	0.000008	0.000715	-0.000295	0.000000	NaN	NaN	NaN	NaN	NaN	NaN	NaN
82.000000	602.409639	0.000000	649.350649	0.000000	602.447300	-99.937644	-99.796349	-0.002468	-0.000028	0.000711	-0.000278	0.000000	NaN	NaN	NaN	NaN	NaN	NaN	NaN
83.000000	602.409639	0.000000	657.894737	0.000000	602.447300	-99.879280	-99.860827	-0.005541	-0.000018	0.000694	-0.000272	0.000000	NaN	NaN	NaN	NaN	NaN	NaN	NaN
84.000000	602.409639	0.000000	666.666667	0.000000	602.447300	-99.921181	-99.850722	-0.007348	-0.000080	0.000515	-0.000287	0.000000	NaN	NaN	NaN	NaN	NaN	NaN	NaN
85.000000	602.409639	0.000000	675.675676	0.000000	602.447300	-99.906497	-99.817428	-0.006695	-0.000074	0.000899	-0.000297	0.000000	NaN	NaN	NaN	NaN	NaN	NaN	NaN
86.000000	602.409639	0.000000	684.931507	0.000000	602.447300	-99.818171	-99.815183	-0.008242	-0.000038	0.000790	-0.000288	0.000000	NaN	NaN	NaN	NaN	NaN	NaN	NaN
87.000000	602.409639	0.000000	694.444444	0.000000	602.447300	-99.810837	-99.883047	-0.006366	-0.000163	0.000750	-0.000277	0.000000	NaN	NaN	NaN	NaN	NaN	NaN	NaN
88.000000	602.409639	0.000000	704.225352	0.000000	602.447300	-99.976044	-99.766661	-0.007916	-0.000201	0.000755	-0.000273	0.000000	NaN	NaN	NaN	NaN	NaN	NaN	NaN
89.000000	602.409639	0.000000	714.285714	0.000000	602.447300	-99.903556	-99.821928	-0.009303	0.000077	0.000674	-0.000279	0.000000	NaN	NaN	NaN	NaN	NaN	NaN	NaN
90.000000	602.409639	0.000000	724.637681	0.000000	602.447300	-99.830207	-99.757443	-0.009694	-0.000183	0.000580	-0.000266	0.000000	NaN	NaN	NaN	NaN	NaN	NaN	NaN
91.000000	602.409639	0.000000	735.294118	0.000000	602.447300	-99.947268	-99.847478	-0.007897	-0.000291	0.000496	-0.000279	0.000000	NaN	NaN	NaN	NaN	NaN	NaN	NaN
92.000000	602.409639	0.000000	746.268657	0.000000	602.447300	-99.937688	-99.763743	-0.008676	-0.000031	0.000441	-0.000304	0.000000	NaN	NaN	NaN	NaN	NaN	NaN	NaN
93.000000	602.409639	0.000000	757.575758	0.000000	602.447300	-99.957432	-99.874914	-0.007346	-0.000084	0.000586	-0.000262	0.000000	NaN	NaN	NaN	NaN	NaN	NaN	NaN
94.000000	602.409639	0.000000	769.230769	0.000000	602.447300	-99.904774	-99.802796	-0.009841	-0.000197	0.000703	-0.000287	0.000000	NaN	NaN	NaN	NaN	NaN	NaN	NaN
95.000000	602.409639	0.000000	781.250000	0.000000	602.447300	-99.855716	-99.847731	-0.009832	-0.000191	0.000702	-0.000270	0.000000	NaN	NaN	NaN	NaN	NaN	NaN	NaN
96.000000	602.409639	0.000000	793.650794	0.000000	602.447300	-99.808760	-99.873430	-0.007717	0.000026	0.000589	-0.000293	0.000000	NaN	NaN	NaN	NaN	NaN	NaN	NaN
97.000000	609.756098	0.000000	581.395349	0.000000	609.756400	-99.869610	-99.860163	-0.001713	-0.000031	0.000545	-0.000261	0.000000	NaN	NaN	NaN	NaN	NaN	NaN	NaN
98.000000	609.756098	0.000000	588.235294	0.000000	609.756400	-99.832067	-99.816533	-0.001546	-0.000276	0.000546	-0.000291	0.000000	NaN	NaN	NaN	NaN	NaN	NaN	NaN
99.000000	609.756098	0.000000	595.238095	0.000000	609.756400	-99.862605	-99.808667	-0.001246	-0.000023	0.000556	-0.000289	0.000000	NaN	NaN	NaN	NaN	NaN	NaN	NaN
100.000000	609.756098	0.000000	602.409639	0.000000	609.756400	-99.929929	-99.835395	0.003644	0.000025	0.000551	-0.000295	0.000000	NaN	NaN	NaN	NaN	NaN	NaN	NaN
101.000000	609.756098	0.000000	609.756098	0.000000	609.756400	-99.975184	-99.844410	0.010833	0.000182	0.000515	-0.000281	0.000000	NaN	NaN	NaN	NaN	NaN	NaN	NaN
102.000000	609.756098	0.000000	617.283951	0.000000	609.756400	-99.913144	-99.881193	0.012904	0.000032	0.000627	-0.000290	0.000000	NaN	NaN	NaN	NaN	NaN	NaN	NaN
103.000000	609.756098	0.000000	625.000000	0.000000	609.756400	-99.888652	-99.827513	0.007382	0.000122	0.000678	-0.000280	0.000000	NaN	NaN	NaN	NaN	NaN	NaN	NaN
104.000000	609.756098	0.000000	632.911392	0.000000	609.756400	-99.890109	-99.889850	0.005594	0.000042	0.000706	-0.000272	0.000000	NaN	NaN	NaN	NaN	NaN	NaN	NaN
105.000000	609.756098	0.000000	641.025641	0.000000	609.756400	-99.943199	-99.879363	0.005656	0.000018	0.000571	-0.000276	0.000000	NaN	NaN	NaN	NaN	NaN	NaN	NaN
106.000000	609.756098	0.000000	649.350649	0.000000	609.756400	-99.858325	-99.850456	0.002736	0.000020	0.000461	-0.000303	0.000000	NaN	NaN	NaN	NaN	NaN	NaN	NaN
107.000000	609.756098	0.000000	657.894737	0.000000	609.756400	-99.933387	-99.781509	-0.001757	0.000089	0.000686	-0.000248	0.000000	NaN	NaN	NaN	NaN	NaN	NaN	NaN
108.000000	609.756098	0.000000	666.666667	0.000000	609.756400	-99.841862	-99.771403	-0.003872	0.000133	0.000702	-0.000260	0.000000	NaN	NaN	NaN	NaN	NaN	NaN	NaN
109.000000	609.756098	0.000000	675.675676	0.000000	609.756400	-99.893892	-99.871535	-0.004988	0.000023	0.000540	-0.000288	0.000000	NaN	NaN	NaN	NaN	NaN	NaN	NaN
110.000000	609.756098	0.000000	684.931507	0.000000	609.756400	-99.938991	-99.869290	-0.004096	0.000062	0.000713	-0.000270	0.000000	NaN	NaN	NaN	NaN	NaN	NaN	NaN
111.000000	609.756098	0.000000	694.444444	0.000000	609.756400	-99.931656	-99.803728	-0.004510	0.000042	0.000798	-0.000287	0.000000	NaN	NaN	NaN	NaN	NaN	NaN	NaN
112.000000	609.756098	0.000000	704.225352	0.000000	609.756400	-99.896726	-99.887481	-0.007391	-0.000060	0.000707	-0.000301	0.000000	NaN	NaN	NaN	NaN	NaN	NaN	NaN
113.000000	609.756098	0.000000	714.285714	0.000000	609.756400	-99.824237	-99.876035	-0.007243	-0.000135	0.000512	-0.000275	0.000000	NaN	NaN	NaN	NaN	NaN	NaN	NaN
114.000000	609.756098	0.000000	724.637681	0.000000	609.756400	-99.951027	-99.811550	-0.009406	0.000171	0.000922	-0.000281	0.000000	NaN	NaN	NaN	NaN	NaN	NaN	NaN
115.000000	609.756098	0.000000	735.294118	0.000000	609.756400	-99.867949	-99.768159	-0.008318	-0.000225	0.000664	-0.000266	0.000000	NaN	NaN	NaN	NaN	NaN	NaN	NaN
116.000000	609.756098	0.000000	746.268657	0.000000	609.756400	-99.858369	-99.884563	-0.006673	-0.000127	0.000683	-0.000268	0.000000	NaN	NaN	NaN	NaN	NaN	NaN	NaN
117.000000	609.756098	0.000000	757.575758	0.000000	609.756400	-99.878113	-99.795595	-0.008232	-0.000029	0.000731	-0.000273	0.000000	NaN	NaN	NaN	NaN	NaN	NaN	NaN
118.000000	609.756098	0.000000	769.230769	0.000000	609.756400	-99.892168	-99.856903	-0.006909	-0.000108	0.000656	-0.000272	0.000000	NaN	NaN	NaN	NaN	NaN	NaN	NaN
119.000000	609.756098	0.000000	781.250000	0.000000	609.756400	-99.909823	-99.768412	-0.008189	-0.000166	0.000855	-0.000271	0.000000	NaN	NaN	NaN	NaN	NaN	NaN	NaN
120.000000	609.756098	0.000000	793.650794	0.000000	609.756400	-99.929580	-99.794112	-0.010235	-0.000112	0.000551	-0.000273	0.000000	NaN	NaN	NaN	NaN	NaN	NaN	NaN
121.000000	617.283951	0.000000	581.395349	0.000000	617.270600	-99.878258	-99.802099	-0.000932	-0.000057	0.000707	-0.000299	0.000000	NaN	NaN	NaN	NaN	NaN	NaN	NaN
122.000000	617.283951	0.000000	588.235294	0.000000	617.270600	-99.974141	-99.758469	-0.000665	-0.000069	0.000449	-0.000270	0.000000	NaN	NaN	NaN	NaN	NaN	NaN	NaN
123.000000	617.283951	0.000000	595.238095	0.000000	617.270600	-99.937966	-99.817315	-0.005545	-0.000016	0.000721	-0.000270	0.000000	NaN	NaN	NaN	NaN	NaN	NaN	NaN
124.000000	617.283951	0.000000	602.409639	0.000000	617.270600	-99.938577	-99.777331	0.003792	-0.000044	0.000573	-0.000273	0.000000	NaN	NaN	NaN	NaN	NaN	NaN	NaN
125.000000	617.283951	0.000000	609.756098	0.000000	617.270600	-99.917119	-99.853058	0.016751	-0.000038	0.000915	-0.000266	0.000000	NaN	NaN	NaN	NaN	NaN	NaN	NaN
126.000000	617.283951	0.000000	617.283951	0.000000	617.270600	-99.855079	-99.823128	0.016365	-0.000302	0.000646	-0.000305	0.000000	NaN	NaN	NaN	NaN	NaN	NaN	NaN
127.000000	617.283951	0.000000	625.000000	0.000000	617.270600	-99.897301	-99.769449	0.012936	-0.000078	0.000723	-0.000266	0.000000	NaN	NaN	NaN	NaN	NaN	NaN	NaN
128.000000	617.283951	0.000000	632.911392	0.000000	617.270600	-99.832044	-99.831785	0.008687	-0.000027	0.000614	-0.000274	0.000000	NaN	NaN	NaN	NaN	NaN	NaN	NaN
129.000000	617.283951	0.000000	641.025641	0.000000	617.270600	-99.951847	-99.821298	0.009484	0.000037	0.000641	-0.000271	0.000000	NaN	NaN	NaN	NaN	NaN	NaN	NaN
130.000000	617.283951	0.000000	649.350649	0.000000	617.270600	-99.866973	-99.859104	0.006463	0.000042	0.000493	-0.000249	0.000000	NaN	NaN	NaN	NaN	NaN	NaN	NaN
131.000000	617.283951	0.000000	657.894737	0.000000	617.270600	-99.942035	-99.790157	0.001247	0.000173	0.000616	-0.000282	0.000000	NaN	NaN	NaN	NaN	NaN	NaN	NaN
132.000000	617.283951	0.000000	666.666667	0.000000	617.270600	-99.850511	-99.780051	-0.002392	-0.000283	0.000643	-0.000295	0.000000	NaN	NaN	NaN	NaN	NaN	NaN	NaN
133.000000	617.283951	0.000000	675.675676	0.000000	617.270600	-99.835827	-99.880183	-0.003341	-0.000039	0.000709	-0.000291	0.000000	NaN	NaN	NaN	NaN	NaN	NaN	NaN
134.000000	617.283951	0.000000	684.931507	0.000000	617.270600	-99.880926	-99.877938	-0.000967	-0.000064	0.000621	-0.000268	0.000000	NaN	NaN	NaN	NaN	NaN	NaN	NaN
135.000000	617.283951	0.000000	694.444444	0.000000	617.270600	-99.873592	-99.812376	-0.005192	0.000031	0.000635	-0.000281	0.000000	NaN	NaN	NaN	NaN	NaN	NaN	NaN
136.000000	617.283951	0.000000	704.225352	0.000000	617.270600	-99.905374	-99.829416	-0.004746	-0.000047	0.000779	-0.000263	0.000000	NaN	NaN	NaN	NaN	NaN	NaN	NaN
137.000000	617.283951	0.000000	714.285714	0.000000	617.270600	-99.832886	-99.884684	-0.005351	-0.000242	0.000509	-0.000304	0.000000	NaN	NaN	NaN	NaN	NaN	NaN	NaN
138.000000	617.283951	0.000000	724.637681	0.000000	617.270600	-99.892962	-99.820198	-0.007758	-0.000172	0.000510	-0.000292	0.000000	NaN	NaN	NaN	NaN	NaN	NaN	NaN
139.000000	617.283951	0.000000	735.294118	0.000000	617.270600	-99.876597	-99.776807	-0.006281	-0.000069	0.000601	-0.000303	0.000000	NaN	NaN	NaN	NaN	NaN	NaN	NaN
140.000000	617.283951	0.000000	746.268657	0.000000	617.270600	-99.867017	-99.826498	-0.007271	-0.000203	0.000460	-0.000317	0.000000	NaN	NaN	NaN	NaN	NaN	NaN	NaN
141.000000	617.283951	0.000000	757.575758	0.000000	617.270600	-99.886761	-99.804243	-0.007384	0.000004	0.000470	-0.000299	0.000000	NaN	NaN	NaN	NaN	NaN	NaN	NaN
142.000000	617.283951	0.000000	769.230769	0.000000	617.270600	-99.834103	-99.865551	-0.008612	-0.000053	0.000541	-0.000288	0.000000	NaN	NaN	NaN	NaN	NaN	NaN	NaN
143.000000	617.283951	0.000000	781.250000	0.000000	617.270600	-99.918471	-99.777061	-0.008400	0.000169	0.000556	-0.000282	0.000000	NaN	NaN	NaN	NaN	NaN	NaN	NaN
144.000000	617.283951	0.000000	793.650794	0.000000	617.270600	-99.871515	-99.802760	-0.009894	0.000054	0.000554	-0.000288	0.000000	NaN	NaN	NaN	NaN	NaN	NaN	NaN
145.000000	625.000000	0.000000	581.395349	0.000000	624.989600	-99.913204	-99.837044	0.005220	0.000125	0.000740	-0.000290	0.000000	NaN	NaN	NaN	NaN	NaN	NaN	NaN
146.000000	625.000000	0.000000	588.235294	0.000000	624.989600	-99.875661	-99.793414	0.000953	0.000286	0.000731	-0.000236	0.000000	NaN	NaN	NaN	NaN	NaN	NaN	NaN
147.000000	625.000000	0.000000	595.238095	0.000000	624.989600	-99.839486	-99.852261	-0.001953	-0.000174	0.000831	-0.000267	0.000000	NaN	NaN	NaN	NaN	NaN	NaN	NaN
148.000000	625.000000	0.000000	602.409639	0.000000	624.989600	-99.973523	-99.812276	0.003028	-0.000041	0.000734	-0.000260	0.000000	NaN	NaN	NaN	NaN	NaN	NaN	NaN
149.000000	625.000000	0.000000	609.756098	0.000000	624.989600	-99.818639	-99.821291	0.016179	-0.000174	0.000795	-0.000282	0.000000	NaN	NaN	NaN	NaN	NaN	NaN	NaN
150.000000	625.000000	0.000000	617.283951	0.000000	624.989600	-99.890025	-99.858074	0.019224	-0.000086	0.000225	-0.000299	0.000000	NaN	NaN	NaN	NaN	NaN	NaN	NaN
151.000000	625.000000	0.000000	625.000000	0.000000	624.989600	-99.932246	-99.804394	0.019525	-0.000002	0.000418	-0.000294	0.000000	NaN	NaN	NaN	NaN	NaN	NaN	NaN
152.000000	625.000000	0.000000	632.911392	0.000000	624.989600	-99.866990	-99.800018	0.016922	-0.000203	0.000567	-0.000282	0.000000	NaN	NaN	NaN	NaN	NaN	NaN	NaN
153.000000	625.000000	0.000000	641.025641	0.000000	624.989600	-99.853367	-99.856244	0.013392	-0.000264	0.000627	-0.000264	0.000000	NaN	NaN	NaN	NaN	NaN	NaN	NaN
154.000000	625.000000	0.000000	649.350649	0.000000	624.989600	-99.901919	-99.760624	0.010597	-0.000059	0.000622	-0.000270	0.000000	NaN	NaN	NaN	NaN	NaN	NaN	NaN
155.000000	625.000000	0.000000	657.894737	0.000000	624.989600	-99.910268	-99.825102	0.001634	-0.000056	0.000568	-0.000287	0.000000	NaN	NaN	NaN	NaN	NaN	NaN	NaN
156.000000	625.000000	0.000000	666.666667	0.000000	624.989600	-99.885456	-99.814997	0.000077	0.000173	0.000662	-0.000270	0.000000	NaN	NaN	NaN	NaN	NaN	NaN	NaN
157.000000	625.000000	0.000000	675.675676	0.000000	624.989600	-99.870773	-99.915129	-0.003457	-0.000342	0.000504	-0.000260	0.000000	NaN	NaN	NaN	NaN	NaN	NaN	NaN
158.000000	625.000000	0.000000	684.931507	0.000000	624.989600	-99.915872	-99.846171	-0.003258	-0.000219	0.000527	-0.000302	0.000000	NaN	NaN	NaN	NaN	NaN	NaN	NaN
159.000000	625.000000	0.000000	694.444444	0.000000	624.989600	-99.908537	-99.847322	-0.003664	-0.000210	0.000528	-0.000295	0.000000	NaN	NaN	NaN	NaN	NaN	NaN	NaN
160.000000	625.000000	0.000000	704.225352	0.000000	624.989600	-99.940320	-99.797649	-0.005794	-0.000111	0.000585	-0.000314	0.000000	NaN	NaN	NaN	NaN	NaN	NaN	NaN
161.000000	625.000000	0.000000	714.285714	0.000000	624.989600	-99.867831	-99.786204	-0.004248	-0.000054	0.000719	-0.000267	0.000000	NaN	NaN	NaN	NaN	NaN	NaN	NaN
162.000000	625.000000	0.000000	724.637681	0.000000	624.989600	-99.861195	-99.855143	-0.006772	-0.000063	0.000754	-0.000284	0.000000	NaN	NaN	NaN	NaN	NaN	NaN	NaN
163.000000	625.000000	0.000000	735.294118	0.000000	624.989600	-99.911543	-99.811753	-0.006938	-0.000054	0.000595	-0.000278	0.000000	NaN	NaN	NaN	NaN	NaN	NaN	NaN
164.000000	625.000000	0.000000	746.268657	0.000000	624.989600	-99.901963	-99.861444	-0.006930	-0.000186	0.000684	-0.000284	0.000000	NaN	NaN	NaN	NaN	NaN	NaN	NaN
165.000000	625.000000	0.000000	757.575758	0.000000	624.989600	-99.921707	-99.839189	-0.006539	-0.000098	0.000575	-0.000270	0.000000	NaN	NaN	NaN	NaN	NaN	NaN	NaN
166.000000	625.000000	0.000000	769.230769	0.000000	624.989600	-99.869049	-99.767071	-0.008990	0.000032	0.000758	-0.000253	0.000000	NaN	NaN	NaN	NaN	NaN	NaN	NaN
167.000000	625.000000	0.000000	781.250000	0.000000	624.989600	-99.953417	-99.812006	-0.009300	-0.000099	0.000591	-0.000288	0.000000	NaN	NaN	NaN	NaN	NaN	NaN	NaN
168.000000	625.000000	0.000000	793.650794	0.000000	624.989600	-99.906461	-99.837705	-0.007892	0.000227	0.000349	-0.000273	0.000000	NaN	NaN	NaN	NaN	NaN	NaN	NaN
169.000000	632.911392	0.000000	581.395349	0.000000	632.913600	-99.979506	-99.769920	0.008922	0.000157	0.000540	-0.000296	0.000000	NaN	NaN	NaN	NaN	NaN	NaN	NaN
170.000000	632.911392	0.000000	588.235294	0.000000	632.913600	-99.941962	-99.859716	0.006611	0.000051	0.000620	-0.000287	0.000000	NaN	NaN	NaN	NaN	NaN	NaN	NaN
171.000000	632.911392	0.000000	595.238095	0.000000	632.913600	-99.905787	-99.785137	-0.002156	-0.000087	0.000593	-0.000240	0.000000	NaN	NaN	NaN	NaN	NaN	NaN	NaN
172.000000	632.911392	0.000000	602.409639	0.000000	632.913600	-99.906399	-99.745153	0.006754	0.000060	0.000745	-0.000263	0.000000	NaN	NaN	NaN	NaN	NaN	NaN	NaN
173.000000	632.911392	0.000000	609.756098	0.000000	632.913600	-99.884941	-99.820880	0.016452	0.000093	0.000598	-0.000301	0.000000	NaN	NaN	NaN	NaN	NaN	NaN	NaN
174.000000	632.911392	0.000000	617.283951	0.000000	632.913600	-99.822901	-99.790950	0.019653	0.000026	0.000597	-0.000265	0.000000	NaN	NaN	NaN	NaN	NaN	NaN	NaN
175.000000	632.911392	0.000000	625.000000	0.000000	632.913600	-99.865122	-99.737270	0.029386	-0.000003	0.000719	-0.000278	0.000000	NaN	NaN	NaN	NaN	NaN	NaN	NaN
176.000000	632.911392	0.000000	632.911392	0.000000	632.913600	-99.933291	-99.799607	0.024029	-0.000003	0.000677	-0.000266	0.000000	NaN	NaN	NaN	NaN	NaN	NaN	NaN
177.000000	632.911392	0.000000	641.025641	0.000000	632.913600	-99.919669	-99.855833	0.023101	-0.000009	0.000468	-0.000294	0.000000	NaN	NaN	NaN	NaN	NaN	NaN	NaN
178.000000	632.911392	0.000000	649.350649	0.000000	632.913600	-99.834795	-99.826925	0.018383	-0.000117	0.000803	-0.000293	0.000000	NaN	NaN	NaN	NaN	NaN	NaN	NaN
179.000000	632.911392	0.000000	657.894737	0.000000	632.913600	-99.909857	-99.891404	0.002953	0.000084	0.000570	-0.000305	0.000000	NaN	NaN	NaN	NaN	NaN	NaN	NaN
180.000000	632.911392	0.000000	666.666667	0.000000	632.913600	-99.951758	-99.747873	0.001805	-0.000107	0.000799	-0.000278	0.000000	NaN	NaN	NaN	NaN	NaN	NaN	NaN
181.000000	632.911392	0.000000	675.675676	0.000000	632.913600	-99.803649	-99.848005	0.000269	-0.000177	0.000872	-0.000259	0.000000	NaN	NaN	NaN	NaN	NaN	NaN	NaN
182.000000	632.911392	0.000000	684.931507	0.000000	632.913600	-99.848748	-99.845759	0.000108	0.000068	0.000495	-0.000295	0.000000	NaN	NaN	NaN	NaN	NaN	NaN	NaN
183.000000	632.911392	0.000000	694.444444	0.000000	632.913600	-99.841413	-99.780198	-0.002973	0.000031	0.000529	-0.000300	0.000000	NaN	NaN	NaN	NaN	NaN	NaN	NaN
184.000000	632.911392	0.000000	704.225352	0.000000	632.913600	-99.873196	-99.863951	-0.004147	0.000066	0.000751	-0.000279	0.000000	NaN	NaN	NaN	NaN	NaN	NaN	NaN
185.000000	632.911392	0.000000	714.285714	0.000000	632.913600	-99.934133	-99.852505	-0.003444	0.000193	0.000861	-0.000258	0.000000	NaN	NaN	NaN	NaN	NaN	NaN	NaN
186.000000	632.911392	0.000000	724.637681	0.000000	632.913600	-99.927497	-99.788019	-0.006293	0.000001	0.000877	-0.000262	0.000000	NaN	NaN	NaN	NaN	NaN	NaN	NaN
187.000000	632.911392	0.000000	735.294118	0.000000	632.913600	-99.844419	-99.878054	-0.005518	-0.000143	0.000716	-0.000306	0.000000	NaN	NaN	NaN	NaN	NaN	NaN	NaN
188.000000	632.911392	0.000000	746.268657	0.000000	632.913600	-99.968264	-99.794320	-0.006467	-0.000070	0.000675	-0.000268	0.000000	NaN	NaN	NaN	NaN	NaN	NaN	NaN
189.000000	632.911392	0.000000	757.575758	0.000000	632.913600	-99.854583	-99.772065	-0.006198	-0.000069	0.000814	-0.000240	0.000000	NaN	NaN	NaN	NaN	NaN	NaN	NaN
190.000000	632.911392	0.000000	769.230769	0.000000	632.913600	-99.868638	-99.833373	-0.008478	-0.000009	0.000925	-0.000295	0.000000	NaN	NaN	NaN	NaN	NaN	NaN	NaN
191.000000	632.911392	0.000000	781.250000	0.000000	632.913600	-99.886293	-99.878308	-0.007889	-0.000062	0.000937	-0.000278	0.000000	NaN	NaN	NaN	NaN	NaN	NaN	NaN
192.000000	632.911392	0.000000	793.650794	0.000000	632.913600	-99.839337	-99.770581	-0.008449	0.000009	0.000618	-0.000266	0.000000	NaN	NaN	NaN	NaN	NaN	NaN	NaN
193.000000	641.025641	0.000000	581.395349	0.000000	641.042300	-99.870458	-99.861011	0.016680	-0.000158	0.000566	-0.000288	0.000000	NaN	NaN	NaN	NaN	NaN	NaN	NaN
194.000000	641.025641	0.000000	588.235294	0.000000	641.042300	-99.832915	-99.817381	0.012379	0.000029	0.000879	-0.000267	0.000000	NaN	NaN	NaN	NaN	NaN	NaN	NaN
195.000000	641.025641	0.000000	595.238095	0.000000	641.042300	-99.863453	-99.809515	0.001628	-0.000073	0.000854	-0.000251	0.000000	NaN	NaN	NaN	NaN	NaN	NaN	NaN
196.000000	641.025641	0.000000	602.409639	0.000000	641.042300	-99.930777	-99.836243	0.010674	-0.000006	0.000830	-0.000282	0.000000	NaN	NaN	NaN	NaN	NaN	NaN	NaN
197.000000	641.025641	0.000000	609.756098	0.000000	641.042300	-99.976032	-99.845258	0.020724	-0.000029	0.000701	-0.000255	0.000000	NaN	NaN	NaN	NaN	NaN	NaN	NaN
198.000000	641.025641	0.000000	617.283951	0.000000	641.042300	-99.913992	-99.882041	0.021418	-0.000034	0.000642	-0.000270	0.000000	NaN	NaN	NaN	NaN	NaN	NaN	NaN
199.000000	641.025641	0.000000	625.000000	0.000000	641.042300	-99.889500	-99.828361	0.029655	0.000019	0.000884	-0.000271	0.000000	NaN	NaN	NaN	NaN	NaN	NaN	NaN
200.000000	641.025641	0.000000	632.911392	0.000000	641.042300	-99.890957	-99.890698	0.027518	-0.000033	0.000630	-0.000290	0.000000	NaN	NaN	NaN	NaN	NaN	NaN	NaN
201.000000	641.025641	0.000000	641.025641	0.000000	641.042300	-99.944047	-99.880211	0.032158	-0.000062	0.000887	-0.000307	0.000000	NaN	NaN	NaN	NaN	NaN	NaN	NaN
202.000000	641.025641	0.000000	649.350649	0.000000	641.042300	-99.859173	-99.851303	0.024269	-0.000062	0.000636	-0.000302	0.000000	NaN	NaN	NaN	NaN	NaN	NaN	NaN
203.000000	641.025641	0.000000	657.894737	0.000000	641.042300	-99.934235	-99.782357	0.007022	0.000134	0.000632	-0.000258	0.000000	NaN	NaN	NaN	NaN	NaN	NaN	NaN
204.000000	641.025641	0.000000	666.666667	0.000000	641.042300	-99.842710	-99.772251	-0.000009	0.000023	0.000720	-0.000279	0.000000	NaN	NaN	NaN	NaN	NaN	NaN	NaN
205.000000	641.025641	0.000000	675.675676	0.000000	641.042300	-99.894739	-99.872383	-0.001364	-0.000140	0.000895	-0.000282	0.000000	NaN	NaN	NaN	NaN	NaN	NaN	NaN
206.000000	641.025641	0.000000	684.931507	0.000000	641.042300	-99.939839	-99.870138	0.002527	0.000099	0.000700	-0.000268	0.000000	NaN	NaN	NaN	NaN	NaN	NaN	NaN
207.000000	641.025641	0.000000	694.444444	0.000000	641.042300	-99.932504	-99.804576	-0.001119	0.000026	0.000698	-0.000305	0.000000	NaN	NaN	NaN	NaN	NaN	NaN	NaN
208.000000	641.025641	0.000000	704.225352	0.000000	641.042300	-99.897574	-99.888329	-0.004622	-0.000050	0.000635	-0.000312	0.000000	NaN	NaN	NaN	NaN	NaN	NaN	NaN
209.000000	641.025641	0.000000	714.285714	0.000000	641.042300	-99.825085	-99.876883	-0.004819	0.000161	0.000731	-0.000281	0.000000	NaN	NaN	NaN	NaN	NaN	NaN	NaN
210.000000	641.025641	0.000000	724.637681	0.000000	641.042300	-99.951875	-99.812398	-0.005980	-0.000029	0.000698	-0.000269	0.000000	NaN	NaN	NaN	NaN	NaN	NaN	NaN
211.000000	641.025641	0.000000	735.294118	0.000000	641.042300	-99.868797	-99.769007	-0.005661	-0.000090	0.000813	-0.000275	0.000000	NaN	NaN	NaN	NaN	NaN	NaN	NaN
212.000000	641.025641	0.000000	746.268657	0.000000	641.042300	-99.859217	-99.885411	-0.006563	-0.000087	0.000720	-0.000266	0.000000	NaN	NaN	NaN	NaN	NaN	NaN	NaN
213.000000	641.025641	0.000000	757.575758	0.000000	641.042300	-99.878961	-99.796443	-0.006380	-0.000099	0.000544	-0.000286	0.000000	NaN	NaN	NaN	NaN	NaN	NaN	NaN
214.000000	641.025641	0.000000	769.230769	0.000000	641.042300	-99.893016	-99.857751	-0.007037	0.000111	0.000807	-0.000286	0.000000	NaN	NaN	NaN	NaN	NaN	NaN	NaN
215.000000	641.025641	0.000000	781.250000	0.000000	641.042300	-99.910671	-99.769260	-0.008276	-0.000010	0.000572	-0.000274	0.000000	NaN	NaN	NaN	NaN	NaN	NaN	NaN
216.000000	641.025641	0.000000	793.650794	0.000000	641.042300	-99.930428	-99.794960	-0.008154	-0.000077	0.000746	-0.000299	0.000000	NaN	NaN	NaN	NaN	NaN	NaN	NaN
217.000000	649.350649	0.000000	581.395349	0.000000	649.375900	-99.941513	-99.798640	0.016006	-0.000153	0.000690	-0.000271	0.000000	NaN	NaN	NaN	NaN	NaN	NaN	NaN
218.000000	649.350649	0.000000	588.235294	0.000000	649.375900	-99.903969	-99.821723	0.014324	-0.000062	0.000586	-0.000289	0.000000	NaN	NaN	NaN	NaN	NaN	NaN	NaN
219.000000	649.350649	0.000000	595.238095	0.000000	649.375900	-99.867794	-99.880569	0.002486	0.000033	0.000527	-0.000297	0.000000	NaN	NaN	NaN	NaN	NaN	NaN	NaN
220.000000	649.350649	0.000000	602.409639	0.000000	649.375900	-99.868406	-99.840585	0.010109	-0.000059	0.000643	-0.000291	0.000000	NaN	NaN	NaN	NaN	NaN	NaN	NaN
221.000000	649.350649	0.000000	609.756098	0.000000	649.375900	-99.913660	-99.916312	0.020838	-0.000131	0.000832	-0.000267	0.000000	NaN	NaN	NaN	NaN	NaN	NaN	NaN
222.000000	649.350649	0.000000	617.283951	0.000000	649.375900	-99.918334	-99.819670	0.021581	-0.000073	0.000618	-0.000294	0.000000	NaN	NaN	NaN	NaN	NaN	NaN	NaN
223.000000	649.350649	0.000000	625.000000	0.000000	649.375900	-99.827129	-99.832703	0.025433	0.000005	0.000694	-0.000303	0.000000	NaN	NaN	NaN	NaN	NaN	NaN	NaN
224.000000	649.350649	0.000000	632.911392	0.000000	649.375900	-99.895298	-99.828327	0.024652	-0.000020	0.000713	-0.000282	0.000000	NaN	NaN	NaN	NaN	NaN	NaN	NaN
225.000000	649.350649	0.000000	641.025641	0.000000	649.375900	-99.881676	-99.817840	0.033286	-0.000047	0.000795	-0.000293	0.000000	NaN	NaN	NaN	NaN	NaN	NaN	NaN
226.000000	649.350649	0.000000	649.350649	0.000000	649.375900	-99.930228	-99.788932	0.026089	0.000083	0.000576	-0.000271	0.000000	NaN	NaN	NaN	NaN	NaN	NaN	NaN
227.000000	649.350649	0.000000	657.894737	0.000000	649.375900	-99.871864	-99.853411	0.008576	0.000051	0.000780	-0.000270	0.000000	NaN	NaN	NaN	NaN	NaN	NaN	NaN
228.000000	649.350649	0.000000	666.666667	0.000000	649.375900	-99.913765	-99.843306	0.002038	0.000001	0.000908	-0.000264	0.000000	NaN	NaN	NaN	NaN	NaN	NaN	NaN
229.000000	649.350649	0.000000	675.675676	0.000000	649.375900	-99.899081	-99.810012	-0.001221	0.000053	0.000634	-0.000270	0.000000	NaN	NaN	NaN	NaN	NaN	NaN	NaN
230.000000	649.350649	0.000000	684.931507	0.000000	649.375900	-99.877468	-99.807766	-0.001782	-0.000068	0.000867	-0.000255	0.000000	NaN	NaN	NaN	NaN	NaN	NaN	NaN
231.000000	649.350649	0.000000	694.444444	0.000000	649.375900	-99.870133	-99.742205	-0.002658	-0.000003	0.000848	-0.000258	0.000000	NaN	NaN	NaN	NaN	NaN	NaN	NaN
232.000000	649.350649	0.000000	704.225352	0.000000	649.375900	-99.835203	-99.825958	-0.004029	-0.000244	0.000792	-0.000287	0.000000	NaN	NaN	NaN	NaN	NaN	NaN	NaN
233.000000	649.350649	0.000000	714.285714	0.000000	649.375900	-99.896140	-99.814512	-0.005687	0.000207	0.000536	-0.000274	0.000000	NaN	NaN	NaN	NaN	NaN	NaN	NaN
234.000000	649.350649	0.000000	724.637681	0.000000	649.375900	-99.889504	-99.750026	-0.007159	-0.000017	0.000548	-0.000286	0.000000	NaN	NaN	NaN	NaN	NaN	NaN	NaN
235.000000	649.350649	0.000000	735.294118	0.000000	649.375900	-99.939852	-99.840061	-0.005698	0.000036	0.000802	-0.000288	0.000000	NaN	NaN	NaN	NaN	NaN	NaN	NaN
236.000000	649.350649	0.000000	746.268657	0.000000	649.375900	-99.930271	-99.823040	-0.007838	-0.000083	0.000753	-0.000253	0.000000	NaN	NaN	NaN	NaN	NaN	NaN	NaN
237.000000	649.350649	0.000000	757.575758	0.000000	649.375900	-99.950016	-99.867497	-0.007208	0.000055	0.000409	-0.000282	0.000000	NaN	NaN	NaN	NaN	NaN	NaN	NaN
238.000000	649.350649	0.000000	769.230769	0.000000	649.375900	-99.897358	-99.795380	-0.008222	0.000053	0.000396	-0.000311	0.000000	NaN	NaN	NaN	NaN	NaN	NaN	NaN
239.000000	649.350649	0.000000	781.250000	0.000000	649.375900	-99.848300	-99.840315	-0.006927	0.000026	0.000368	-0.000284	0.000000	NaN	NaN	NaN	NaN	NaN	NaN	NaN
240.000000	649.350649	0.000000	793.650794	0.000000	649.375900	-99.868057	-99.866014	-0.008525	-0.000020	0.000523	-0.000264	0.000000	NaN	NaN	NaN	NaN	NaN	NaN	NaN
241.000000	657.894737	0.000000	581.395349	0.000000	657.913600	-99.825550	-99.816103	0.009284	0.000054	0.000518	-0.000287	0.000000	NaN	NaN	NaN	NaN	NaN	NaN	NaN
242.000000	657.894737	0.000000	588.235294	0.000000	657.913600	-99.921432	-99.905899	0.009670	-0.000123	0.000655	-0.000278	0.000000	NaN	NaN	NaN	NaN	NaN	NaN	NaN
243.000000	657.894737	0.000000	595.238095	0.000000	657.913600	-99.951970	-99.764606	0.000871	0.000032	0.000718	-0.000278	0.000000	NaN	NaN	NaN	NaN	NaN	NaN	NaN
244.000000	657.894737	0.000000	602.409639	0.000000	657.913600	-99.885869	-99.791335	0.007507	-0.000107	0.000486	-0.000269	0.000000	NaN	NaN	NaN	NaN	NaN	NaN	NaN
245.000000	657.894737	0.000000	609.756098	0.000000	657.913600	-99.931123	-99.800350	0.015843	0.000318	0.000497	-0.000273	0.000000	NaN	NaN	NaN	NaN	NaN	NaN	NaN
246.000000	657.894737	0.000000	617.283951	0.000000	657.913600	-99.869084	-99.837133	0.014041	-0.000179	0.000764	-0.000286	0.000000	NaN	NaN	NaN	NaN	NaN	NaN	NaN
247.000000	657.894737	0.000000	625.000000	0.000000	657.913600	-99.844592	-99.783453	0.017041	-0.000197	0.000669	-0.000292	0.000000	NaN	NaN	NaN	NaN	NaN	NaN	NaN
248.000000	657.894737	0.000000	632.911392	0.000000	657.913600	-99.979474	-99.845790	0.011845	-0.000226	0.000830	-0.000244	0.000000	NaN	NaN	NaN	NaN	NaN	NaN	NaN
249.000000	657.894737	0.000000	641.025641	0.000000	657.913600	-99.899139	-99.835303	0.019256	-0.000208	0.000874	-0.000304	0.000000	NaN	NaN	NaN	NaN	NaN	NaN	NaN
250.000000	657.894737	0.000000	649.350649	0.000000	657.913600	-99.814265	-99.873108	0.020463	0.000045	0.000679	-0.000288	0.000000	NaN	NaN	NaN	NaN	NaN	NaN	NaN
251.000000	657.894737	0.000000	657.894737	0.000000	657.913600	-99.889327	-99.870874	0.007985	-0.000136	0.000757	-0.000270	0.000000	NaN	NaN	NaN	NaN	NaN	NaN	NaN
252.000000	657.894737	0.000000	666.666667	0.000000	657.913600	-99.931228	-99.794056	0.001584	0.000038	0.000582	-0.000311	0.000000	NaN	NaN	NaN	NaN	NaN	NaN	NaN
253.000000	657.894737	0.000000	675.675676	0.000000	657.913600	-99.849831	-99.827475	0.000534	-0.000003	0.000560	-0.000282	0.000000	NaN	NaN	NaN	NaN	NaN	NaN	NaN
254.000000	657.894737	0.000000	684.931507	0.000000	657.913600	-99.894931	-99.825229	-0.002125	0.000011	0.000277	-0.000282	0.000000	NaN	NaN	NaN	NaN	NaN	NaN	NaN
255.000000	657.894737	0.000000	694.444444	0.000000	657.913600	-99.887596	-99.826381	-0.004293	0.000015	0.000644	-0.000280	0.000000	NaN	NaN	NaN	NaN	NaN	NaN	NaN
256.000000	657.894737	0.000000	704.225352	0.000000	657.913600	-99.852665	-99.843421	-0.002766	-0.000137	0.000556	-0.000275	0.000000	NaN	NaN	NaN	NaN	NaN	NaN	NaN
257.000000	657.894737	0.000000	714.285714	0.000000	657.913600	-99.913603	-99.831975	-0.004731	0.000104	0.000551	-0.000258	0.000000	NaN	NaN	NaN	NaN	NaN	NaN	NaN
258.000000	657.894737	0.000000	724.637681	0.000000	657.913600	-99.906967	-99.834202	-0.007585	-0.000113	0.000488	-0.000284	0.000000	NaN	NaN	NaN	NaN	NaN	NaN	NaN
259.000000	657.894737	0.000000	735.294118	0.000000	657.913600	-99.823889	-99.857524	-0.006629	-0.000182	0.000823	-0.000271	0.000000	NaN	NaN	NaN	NaN	NaN	NaN	NaN
260.000000	657.894737	0.000000	746.268657	0.000000	657.913600	-99.814309	-99.840503	-0.008116	-0.000119	0.000829	-0.000262	0.000000	NaN	NaN	NaN	NaN	NaN	NaN	NaN
261.000000	657.894737	0.000000	757.575758	0.000000	657.913600	-99.834053	-99.818247	-0.008229	-0.000197	0.000776	-0.000281	0.000000	NaN	NaN	NaN	NaN	NaN	NaN	NaN
262.000000	657.894737	0.000000	769.230769	0.000000	657.913600	-99.848108	-99.812843	-0.007642	-0.000128	0.000654	-0.000258	0.000000	NaN	NaN	NaN	NaN	NaN	NaN	NaN
263.000000	657.894737	0.000000	781.250000	0.000000	657.913600	-99.865763	-99.857778	-0.007115	-0.000227	0.000748	-0.000266	0.000000	NaN	NaN	NaN	NaN	NaN	NaN	NaN
264.000000	657.894737	0.000000	793.650794	0.000000	657.913600	-99.885520	-99.750051	-0.008784	0.000171	0.000677	-0.000277	0.000000	NaN	NaN	NaN	NaN	NaN	NaN	NaN
265.000000	666.666667	0.000000	581.395349	0.000000	666.656200	-99.879458	-99.870012	0.005346	-0.000153	0.000568	-0.000265	0.000000	NaN	NaN	NaN	NaN	NaN	NaN	NaN
266.000000	666.666667	0.000000	588.235294	0.000000	666.656200	-99.841915	-99.826382	0.006809	-0.000015	0.000716	-0.000293	0.000000	NaN	NaN	NaN	NaN	NaN	NaN	NaN
267.000000	666.666667	0.000000	595.238095	0.000000	666.656200	-99.872453	-99.818515	-0.001970	-0.000034	0.000578	-0.000299	0.000000	NaN	NaN	NaN	NaN	NaN	NaN	NaN
268.000000	666.666667	0.000000	602.409639	0.000000	666.656200	-99.806352	-99.845244	0.007233	-0.000007	0.000662	-0.000270	0.000000	NaN	NaN	NaN	NaN	NaN	NaN	NaN
269.000000	666.666667	0.000000	609.756098	0.000000	666.656200	-99.851606	-99.854258	0.014815	-0.000112	0.000672	-0.000257	0.000000	NaN	NaN	NaN	NaN	NaN	NaN	NaN
270.000000	666.666667	0.000000	617.283951	0.000000	666.656200	-99.922993	-99.757616	0.014433	0.000049	0.000863	-0.000297	0.000000	NaN	NaN	NaN	NaN	NaN	NaN	NaN
271.000000	666.666667	0.000000	625.000000	0.000000	666.656200	-99.965214	-99.837362	0.013840	-0.000021	0.000546	-0.000295	0.000000	NaN	NaN	NaN	NaN	NaN	NaN	NaN
272.000000	666.666667	0.000000	632.911392	0.000000	666.656200	-99.899957	-99.766273	0.010528	-0.000130	0.000845	-0.000295	0.000000	NaN	NaN	NaN	NaN	NaN	NaN	NaN
273.000000	666.666667	0.000000	641.025641	0.000000	666.656200	-99.886334	-99.755786	0.014480	-0.000119	0.000647	-0.000284	0.000000	NaN	NaN	NaN	NaN	NaN	NaN	NaN
274.000000	666.666667	0.000000	649.350649	0.000000	666.656200	-99.934886	-99.793591	0.013193	0.000194	0.000645	-0.000260	0.000000	NaN	NaN	NaN	NaN	NaN	NaN	NaN
275.000000	666.666667	0.000000	657.894737	0.000000	666.656200	-99.809810	-99.924783	0.006807	0.000100	0.000756	-0.000249	0.000000	NaN	NaN	NaN	NaN	NaN	NaN	NaN
276.000000	666.666667	0.000000	666.666667	0.000000	666.656200	-99.851711	-99.847964	0.004668	0.000015	0.000653	-0.000274	0.000000	NaN	NaN	NaN	NaN	NaN	NaN	NaN
277.000000	666.666667	0.000000	675.675676	0.000000	666.656200	-99.903740	-99.747958	0.002403	-0.000218	0.000647	-0.000298	0.000000	NaN	NaN	NaN	NaN	NaN	NaN	NaN
278.000000	666.666667	0.000000	684.931507	0.000000	666.656200	-99.948839	-99.745712	0.001334	-0.000130	0.000597	-0.000303	0.000000	NaN	NaN	NaN	NaN	NaN	NaN	NaN
279.000000	666.666667	0.000000	694.444444	0.000000	666.656200	-99.941505	-99.880289	-0.002196	-0.000076	0.000620	-0.000282	0.000000	NaN	NaN	NaN	NaN	NaN	NaN	NaN
280.000000	666.666667	0.000000	704.225352	0.000000	666.656200	-99.906574	-99.763904	-0.002930	0.000056	0.000574	-0.000304	0.000000	NaN	NaN	NaN	NaN	NaN	NaN	NaN
281.000000	666.666667	0.000000	714.285714	0.000000	666.656200	-99.900799	-99.819171	-0.001643	0.000230	0.000563	-0.000281	0.000000	NaN	NaN	NaN	NaN	NaN	NaN	NaN
282.000000	666.666667	0.000000	724.637681	0.000000	666.656200	-99.827450	-99.888111	-0.006646	0.000053	0.000872	-0.000257	0.000000	NaN	NaN	NaN	NaN	NaN	NaN	NaN
283.000000	666.666667	0.000000	735.294118	0.000000	666.656200	-99.877798	-99.778007	-0.006829	0.000094	0.000734	-0.000302	0.000000	NaN	NaN	NaN	NaN	NaN	NaN	NaN
284.000000	666.666667	0.000000	746.268657	0.000000	666.656200	-99.868217	-99.760986	-0.007404	0.000011	0.000676	-0.000288	0.000000	NaN	NaN	NaN	NaN	NaN	NaN	NaN
285.000000	666.666667	0.000000	757.575758	0.000000	666.656200	-99.887962	-99.872156	-0.006714	0.000034	0.000862	-0.000254	0.000000	NaN	NaN	NaN	NaN	NaN	NaN	NaN
286.000000	666.666667	0.000000	769.230769	0.000000	666.656200	-99.902016	-99.800039	-0.007807	-0.000015	0.000407	-0.000277	0.000000	NaN	NaN	NaN	NaN	NaN	NaN	NaN
287.000000	666.666667	0.000000	781.250000	0.000000	666.656200	-99.919672	-99.844974	-0.007704	-0.000062	0.000756	-0.000283	0.000000	NaN	NaN	NaN	NaN	NaN	NaN	NaN
288.000000	666.666667	0.000000	793.650794	0.000000	666.656200	-99.939428	-99.870673	-0.008250	-0.000067	0.000507	-0.000273	0.000000	NaN	NaN	NaN	NaN	NaN	NaN	NaN
289.000000	675.675676	0.000000	581.395349	0.000000	675.705900	-99.886568	-99.877121	0.004281	-0.000045	0.000705	-0.000295	0.000000	NaN	NaN	NaN	NaN	NaN	NaN	NaN
290.000000	675.675676	0.000000	588.235294	0.000000	675.705900	-99.849025	-99.833491	0.006197	-0.000011	0.000713	-0.000274	0.000000	NaN	NaN	NaN	NaN	NaN	NaN	NaN
291.000000	675.675676	0.000000	595.238095	0.000000	675.705900	-99.879563	-99.825625	-0.001968	0.000035	0.000693	-0.000276	0.000000	NaN	NaN	NaN	NaN	NaN	NaN	NaN
292.000000	675.675676	0.000000	602.409639	0.000000	675.705900	-99.813462	-99.852354	0.007392	-0.000078	0.000613	-0.000278	0.000000	NaN	NaN	NaN	NaN	NaN	NaN	NaN
293.000000	675.675676	0.000000	609.756098	0.000000	675.705900	-99.858716	-99.861368	0.013351	-0.000041	0.000830	-0.000266	0.000000	NaN	NaN	NaN	NaN	NaN	NaN	NaN
294.000000	675.675676	0.000000	617.283951	0.000000	675.705900	-99.930102	-99.898151	0.013843	-0.000332	0.000598	-0.000295	0.000000	NaN	NaN	NaN	NaN	NaN	NaN	NaN
295.000000	675.675676	0.000000	625.000000	0.000000	675.705900	-99.972323	-99.844471	0.013754	-0.000047	0.000322	-0.000255	0.000000	NaN	NaN	NaN	NaN	NaN	NaN	NaN
296.000000	675.675676	0.000000	632.911392	0.000000	675.705900	-99.907067	-99.773382	0.009498	-0.000064	0.000600	-0.000276	0.000000	NaN	NaN	NaN	NaN	NaN	NaN	NaN
297.000000	675.675676	0.000000	641.025641	0.000000	675.705900	-99.826731	-99.762896	0.017557	-0.000130	0.000450	-0.000289	0.000000	NaN	NaN	NaN	NaN	NaN	NaN	NaN
298.000000	675.675676	0.000000	649.350649	0.000000	675.705900	-99.875283	-99.800701	0.012010	0.000004	0.000601	-0.000266	0.000000	NaN	NaN	NaN	NaN	NaN	NaN	NaN
299.000000	675.675676	0.000000	657.894737	0.000000	675.705900	-99.950345	-99.798467	0.003613	-0.000037	0.000744	-0.000270	0.000000	NaN	NaN	NaN	NaN	NaN	NaN	NaN
300.000000	675.675676	0.000000	666.666667	0.000000	675.705900	-99.858821	-99.855074	0.004416	-0.000065	0.000582	-0.000265	0.000000	NaN	NaN	NaN	NaN	NaN	NaN	NaN
301.000000	675.675676	0.000000	675.675676	0.000000	675.705900	-99.910850	-99.755068	0.004068	0.000045	0.000711	-0.000298	0.000000	NaN	NaN	NaN	NaN	NaN	NaN	NaN
302.000000	675.675676	0.000000	684.931507	0.000000	675.705900	-99.955949	-99.886248	0.003764	-0.000058	0.000593	-0.000270	0.000000	NaN	NaN	NaN	NaN	NaN	NaN	NaN
303.000000	675.675676	0.000000	694.444444	0.000000	675.705900	-99.948614	-99.887399	0.003441	-0.000034	0.000764	-0.000282	0.000000	NaN	NaN	NaN	NaN	NaN	NaN	NaN
304.000000	675.675676	0.000000	704.225352	0.000000	675.705900	-99.913684	-99.771013	-0.001306	-0.000109	0.000536	-0.000276	0.000000	NaN	NaN	NaN	NaN	NaN	NaN	NaN
305.000000	675.675676	0.000000	714.285714	0.000000	675.705900	-99.907908	-99.759568	-0.004283	0.000164	0.000311	-0.000300	0.000000	NaN	NaN	NaN	NaN	NaN	NaN	NaN
306.000000	675.675676	0.000000	724.637681	0.000000	675.705900	-99.834559	-99.895221	-0.004194	-0.000124	0.000524	-0.000298	0.000000	NaN	NaN	NaN	NaN	NaN	NaN	NaN
307.000000	675.675676	0.000000	735.294118	0.000000	675.705900	-99.884907	-99.785117	-0.006065	0.000090	0.000817	-0.000287	0.000000	NaN	NaN	NaN	NaN	NaN	NaN	NaN
308.000000	675.675676	0.000000	746.268657	0.000000	675.705900	-99.875327	-99.768095	-0.006664	-0.000036	0.000549	-0.000275	0.000000	NaN	NaN	NaN	NaN	NaN	NaN	NaN
309.000000	675.675676	0.000000	757.575758	0.000000	675.705900	-99.895071	-99.879266	-0.007741	0.000060	0.000698	-0.000253	0.000000	NaN	NaN	NaN	NaN	NaN	NaN	NaN
310.000000	675.675676	0.000000	769.230769	0.000000	675.705900	-99.909126	-99.807148	-0.008230	-0.000199	0.000615	-0.000259	0.000000	NaN	NaN	NaN	NaN	NaN	NaN	NaN
311.000000	675.675676	0.000000	781.250000	0.000000	675.705900	-99.926781	-99.852083	-0.008987	0.000027	0.000603	-0.000291	0.000000	NaN	NaN	NaN	NaN	NaN	NaN	NaN
312.000000	675.675676	0.000000	793.650794	0.000000	675.705900	-99.946538	-99.811070	-0.007235	-0.000014	0.000721	-0.000309	0.000000	NaN	NaN	NaN	NaN	NaN	NaN	NaN
313.000000	684.931507	0.000000	581.395349	0.000000	684.959800	-99.980126	-99.770541	0.003226	0.000189	0.000733	-0.000259	0.000000	NaN	NaN	NaN	NaN	NaN	NaN	NaN
314.000000	684.931507	0.000000	588.235294	0.000000	684.959800	-99.942583	-99.860337	0.005097	0.000012	0.000794	-0.000282	0.000000	NaN	NaN	NaN	NaN	NaN	NaN	NaN
315.000000	684.931507	0.000000	595.238095	0.000000	684.959800	-99.906408	-99.852470	-0.001336	-0.000113	0.000842	-0.000282	0.000000	NaN	NaN	NaN	NaN	NaN	NaN	NaN
316.000000	684.931507	0.000000	602.409639	0.000000	684.959800	-99.907020	-99.745774	0.005432	0.000097	0.000695	-0.000280	0.000000	NaN	NaN	NaN	NaN	NaN	NaN	NaN
317.000000	684.931507	0.000000	609.756098	0.000000	684.959800	-99.885562	-99.821501	0.011320	0.000036	0.000508	-0.000295	0.000000	NaN	NaN	NaN	NaN	NaN	NaN	NaN
318.000000	684.931507	0.000000	617.283951	0.000000	684.959800	-99.823522	-99.791571	0.010124	-0.000075	0.000561	-0.000274	0.000000	NaN	NaN	NaN	NaN	NaN	NaN	NaN
319.000000	684.931507	0.000000	625.000000	0.000000	684.959800	-99.865743	-99.737891	0.011679	-0.000223	0.000803	-0.000279	0.000000	NaN	NaN	NaN	NaN	NaN	NaN	NaN
320.000000	684.931507	0.000000	632.911392	0.000000	684.959800	-99.933912	-99.800228	0.007955	-0.000066	0.000471	-0.000293	0.000000	NaN	NaN	NaN	NaN	NaN	NaN	NaN
321.000000	684.931507	0.000000	641.025641	0.000000	684.959800	-99.920290	-99.789741	0.011460	0.000061	0.000739	-0.000272	0.000000	NaN	NaN	NaN	NaN	NaN	NaN	NaN
322.000000	684.931507	0.000000	649.350649	0.000000	684.959800	-99.835416	-99.827546	0.009582	-0.000071	0.000736	-0.000292	0.000000	NaN	NaN	NaN	NaN	NaN	NaN	NaN
323.000000	684.931507	0.000000	657.894737	0.000000	684.959800	-99.910478	-99.892025	0.001852	0.000102	0.000746	-0.000258	0.000000	NaN	NaN	NaN	NaN	NaN	NaN	NaN
324.000000	684.931507	0.000000	666.666667	0.000000	684.959800	-99.952379	-99.881920	-0.000092	-0.000075	0.000544	-0.000302	0.000000	NaN	NaN	NaN	NaN	NaN	NaN	NaN
325.000000	684.931507	0.000000	675.675676	0.000000	684.959800	-99.937695	-99.848626	0.002932	-0.000019	0.000599	-0.000299	0.000000	NaN	NaN	NaN	NaN	NaN	NaN	NaN
326.000000	684.931507	0.000000	684.931507	0.000000	684.959800	-99.849369	-99.846380	0.004503	-0.000030	0.000587	-0.000281	0.000000	NaN	NaN	NaN	NaN	NaN	NaN	NaN
327.000000	684.931507	0.000000	694.444444	0.000000	684.959800	-99.842034	-99.780819	0.002681	0.000069	0.000610	-0.000286	0.000000	NaN	NaN	NaN	NaN	NaN	NaN	NaN
328.000000	684.931507	0.000000	704.225352	0.000000	684.959800	-99.873817	-99.797859	0.000572	-0.000085	0.000875	-0.000307	0.000000	NaN	NaN	NaN	NaN	NaN	NaN	NaN
329.000000	684.931507	0.000000	714.285714	0.000000	684.959800	-99.934754	-99.853126	-0.003815	-0.000058	0.000548	-0.000279	0.000000	NaN	NaN	NaN	NaN	NaN	NaN	NaN
330.000000	684.931507	0.000000	724.637681	0.000000	684.959800	-99.861405	-99.788640	-0.005013	0.000017	0.000556	-0.000296	0.000000	NaN	NaN	NaN	NaN	NaN	NaN	NaN
331.000000	684.931507	0.000000	735.294118	0.000000	684.959800	-99.845040	-99.878675	-0.004481	-0.000076	0.000765	-0.000292	0.000000	NaN	NaN	NaN	NaN	NaN	NaN	NaN
332.000000	684.931507	0.000000	746.268657	0.000000	684.959800	-99.835460	-99.794941	-0.006685	-0.000070	0.000602	-0.000286	0.000000	NaN	NaN	NaN	NaN	NaN	NaN	NaN
333.000000	684.931507	0.000000	757.575758	0.000000	684.959800	-99.855204	-99.772686	-0.007350	-0.000103	0.000822	-0.000271	0.000000	NaN	NaN	NaN	NaN	NaN	NaN	NaN
334.000000	684.931507	0.000000	769.230769	0.000000	684.959800	-99.802546	-99.833994	-0.006670	-0.000093	0.000551	-0.000285	0.000000	NaN	NaN	NaN	NaN	NaN	NaN	NaN
335.000000	684.931507	0.000000	781.250000	0.000000	684.959800	-99.886914	-99.878929	-0.008331	0.000001	0.000553	-0.000290	0.000000	NaN	NaN	NaN	NaN	NaN	NaN	NaN
336.000000	684.931507	0.000000	793.650794	0.000000	684.959800	-99.839958	-99.771202	-0.008319	0.000001	0.000748	-0.000259	0.000000	NaN	NaN	NaN	NaN	NaN	NaN	NaN
337.000000	694.444444	0.000000	581.395349	0.000000	694.417800	-99.851543	-99.842097	0.010416	-0.000187	0.000924	-0.000275	0.000000	NaN	NaN	NaN	NaN	NaN	NaN	NaN
338.000000	694.444444	0.000000	588.235294	0.000000	694.417800	-99.814000	-99.798467	0.011924	-0.000253	0.000733	-0.000277	0.000000	NaN	NaN	NaN	NaN	NaN	NaN	NaN
339.000000	694.444444	0.000000	595.238095	0.000000	694.417800	-99.977964	-99.790600	0.001599	-0.000163	0.000721	-0.000288	0.000000	NaN	NaN	NaN	NaN	NaN	NaN	NaN
340.000000	694.444444	0.000000	602.409639	0.000000	694.417800	-99.911863	-99.817329	0.011273	-0.000179	0.000477	-0.000304	0.000000	NaN	NaN	NaN	NaN	NaN	NaN	NaN
341.000000	694.444444	0.000000	609.756098	0.000000	694.417800	-99.957117	-99.826343	0.019395	-0.000053	0.000665	-0.000264	0.000000	NaN	NaN	NaN	NaN	NaN	NaN	NaN
342.000000	694.444444	0.000000	617.283951	0.000000	694.417800	-99.895078	-99.863127	0.016586	-0.000144	0.000628	-0.000303	0.000000	NaN	NaN	NaN	NaN	NaN	NaN	NaN
343.000000	694.444444	0.000000	625.000000	0.000000	694.417800	-99.937299	-99.809447	0.017899	-0.000074	0.000697	-0.000307	0.000000	NaN	NaN	NaN	NaN	NaN	NaN	NaN
344.000000	694.444444	0.000000	632.911392	0.000000	694.417800	-99.872042	-99.871783	0.012164	-0.000113	0.000632	-0.000299	0.000000	NaN	NaN	NaN	NaN	NaN	NaN	NaN
345.000000	694.444444	0.000000	641.025641	0.000000	694.417800	-99.925132	-99.861296	0.017851	0.000017	0.000650	-0.000270	0.000000	NaN	NaN	NaN	NaN	NaN	NaN	NaN
346.000000	694.444444	0.000000	649.350649	0.000000	694.417800	-99.906972	-99.899102	0.012562	-0.000026	0.000543	-0.000282	0.000000	NaN	NaN	NaN	NaN	NaN	NaN	NaN
347.000000	694.444444	0.000000	657.894737	0.000000	694.417800	-99.915320	-99.763442	0.002365	-0.000186	0.000616	-0.000276	0.000000	NaN	NaN	NaN	NaN	NaN	NaN	NaN
348.000000	694.444444	0.000000	666.666667	0.000000	694.417800	-99.823796	-99.820049	-0.001063	-0.000021	0.000447	-0.000293	0.000000	NaN	NaN	NaN	NaN	NaN	NaN	NaN
349.000000	694.444444	0.000000	675.675676	0.000000	694.417800	-99.875825	-99.853469	-0.001320	0.000227	0.000613	-0.000294	0.000000	NaN	NaN	NaN	NaN	NaN	NaN	NaN
350.000000	694.444444	0.000000	684.931507	0.000000	694.417800	-99.920924	-99.851223	0.003758	-0.000139	0.000405	-0.000272	0.000000	NaN	NaN	NaN	NaN	NaN	NaN	NaN
351.000000	694.444444	0.000000	694.444444	0.000000	694.417800	-99.913590	-99.852374	0.003068	-0.000065	0.000766	-0.000262	0.000000	NaN	NaN	NaN	NaN	NaN	NaN	NaN
352.000000	694.444444	0.000000	704.225352	0.000000	694.417800	-99.878659	-99.869414	0.000120	-0.000202	0.000815	-0.000284	0.000000	NaN	NaN	NaN	NaN	NaN	NaN	NaN
353.000000	694.444444	0.000000	714.285714	0.000000	694.417800	-99.872884	-99.857969	-0.002737	-0.000125	0.000404	-0.000272	0.000000	NaN	NaN	NaN	NaN	NaN	NaN	NaN
354.000000	694.444444	0.000000	724.637681	0.000000	694.417800	-99.932960	-99.860196	-0.004253	0.000095	0.000755	-0.000269	0.000000	NaN	NaN	NaN	NaN	NaN	NaN	NaN
355.000000	694.444444	0.000000	735.294118	0.000000	694.417800	-99.849883	-99.750092	-0.003923	-0.000040	0.000772	-0.000268	0.000000	NaN	NaN	NaN	NaN	NaN	NaN	NaN
356.000000	694.444444	0.000000	746.268657	0.000000	694.417800	-99.840302	-99.866496	-0.004968	-0.000008	0.000476	-0.000275	0.000000	NaN	NaN	NaN	NaN	NaN	NaN	NaN
357.000000	694.444444	0.000000	757.575758	0.000000	694.417800	-99.860047	-99.844241	-0.006047	-0.000313	0.000587	-0.000279	0.000000	NaN	NaN	NaN	NaN	NaN	NaN	NaN
358.000000	694.444444	0.000000	769.230769	0.000000	694.417800	-99.874101	-99.905549	-0.006826	0.000036	0.000564	-0.000266	0.000000	NaN	NaN	NaN	NaN	NaN	NaN	NaN
359.000000	694.444444	0.000000	781.250000	0.000000	694.417800	-99.891757	-99.817059	-0.007151	0.000105	0.000495	-0.000278	0.000000	NaN	NaN	NaN	NaN	NaN	NaN	NaN
360.000000	694.444444	0.000000	793.650794	0.000000	694.417800	-99.911513	-99.776045	-0.007480	0.000089	0.000462	-0.000278	0.000000	NaN	NaN	NaN	NaN	NaN	NaN	NaN
361.000000	704.225352	0.000000	581.395349	0.000000	704.182500	-99.891581	-99.815421	0.016606	0.000103	0.000654	-0.000265	0.000000	NaN	NaN	NaN	NaN	NaN	NaN	NaN
362.000000	704.225352	0.000000	588.235294	0.000000	704.182500	-99.920750	-99.771791	0.017068	0.000146	0.000732	-0.000271	0.000000	NaN	NaN	NaN	NaN	NaN	NaN	NaN
363.000000	704.225352	0.000000	595.238095	0.000000	704.182500	-99.951288	-99.763925	0.004213	0.000026	0.000344	-0.000281	0.000000	NaN	NaN	NaN	NaN	NaN	NaN	NaN
364.000000	704.225352	0.000000	602.409639	0.000000	704.182500	-99.885187	-99.790653	0.014375	-0.000250	0.000664	-0.000261	0.000000	NaN	NaN	NaN	NaN	NaN	NaN	NaN
365.000000	704.225352	0.000000	609.756098	0.000000	704.182500	-99.930442	-99.799668	0.023531	-0.000199	0.000482	-0.000276	0.000000	NaN	NaN	NaN	NaN	NaN	NaN	NaN
366.000000	704.225352	0.000000	617.283951	0.000000	704.182500	-99.868402	-99.836451	0.021886	0.000073	0.000346	-0.000289	0.000000	NaN	NaN	NaN	NaN	NaN	NaN	NaN
367.000000	704.225352	0.000000	625.000000	0.000000	704.182500	-99.910623	-99.782771	0.021195	-0.000064	0.000598	-0.000281	0.000000	NaN	NaN	NaN	NaN	NaN	NaN	NaN
368.000000	704.225352	0.000000	632.911392	0.000000	704.182500	-99.845367	-99.845108	0.014910	-0.000072	0.000722	-0.000290	0.000000	NaN	NaN	NaN	NaN	NaN	NaN	NaN
369.000000	704.225352	0.000000	641.025641	0.000000	704.182500	-99.965170	-99.834621	0.021823	-0.000164	0.000662	-0.000283	0.000000	NaN	NaN	NaN	NaN	NaN	NaN	NaN
370.000000	704.225352	0.000000	649.350649	0.000000	704.182500	-99.880296	-99.872426	0.015851	0.000037	0.000613	-0.000265	0.000000	NaN	NaN	NaN	NaN	NaN	NaN	NaN
371.000000	704.225352	0.000000	657.894737	0.000000	704.182500	-99.888645	-99.803479	0.002546	0.000018	0.000810	-0.000278	0.000000	NaN	NaN	NaN	NaN	NaN	NaN	NaN
372.000000	704.225352	0.000000	666.666667	0.000000	704.182500	-99.863833	-99.793374	-0.000597	-0.000107	0.000526	-0.000282	0.000000	NaN	NaN	NaN	NaN	NaN	NaN	NaN
373.000000	704.225352	0.000000	675.675676	0.000000	704.182500	-99.849149	-99.826793	-0.001576	-0.000082	0.000624	-0.000281	0.000000	NaN	NaN	NaN	NaN	NaN	NaN	NaN
374.000000	704.225352	0.000000	684.931507	0.000000	704.182500	-99.894249	-99.824547	0.001423	-0.000079	0.000657	-0.000290	0.000000	NaN	NaN	NaN	NaN	NaN	NaN	NaN
375.000000	704.225352	0.000000	694.444444	0.000000	704.182500	-99.886914	-99.825699	0.002418	-0.000210	0.000603	-0.000258	0.000000	NaN	NaN	NaN	NaN	NaN	NaN	NaN
376.000000	704.225352	0.000000	704.225352	0.000000	704.182500	-99.918696	-99.842739	0.002243	-0.000300	0.000449	-0.000266	0.000000	NaN	NaN	NaN	NaN	NaN	NaN	NaN
377.000000	704.225352	0.000000	714.285714	0.000000	704.182500	-99.846208	-99.898006	-0.000303	-0.000177	0.000680	-0.000273	0.000000	NaN	NaN	NaN	NaN	NaN	NaN	NaN
378.000000	704.225352	0.000000	724.637681	0.000000	704.182500	-99.906285	-99.833520	-0.003304	0.000244	0.000702	-0.000282	0.000000	NaN	NaN	NaN	NaN	NaN	NaN	NaN
379.000000	704.225352	0.000000	735.294118	0.000000	704.182500	-99.889920	-99.790130	-0.003264	-0.000018	0.000641	-0.000285	0.000000	NaN	NaN	NaN	NaN	NaN	NaN	NaN
380.000000	704.225352	0.000000	746.268657	0.000000	704.182500	-99.880340	-99.839821	-0.003295	-0.000263	0.000426	-0.000273	0.000000	NaN	NaN	NaN	NaN	NaN	NaN	NaN
381.000000	704.225352	0.000000	757.575758	0.000000	704.182500	-99.900084	-99.817566	-0.004593	-0.000145	0.000598	-0.000275	0.000000	NaN	NaN	NaN	NaN	NaN	NaN	NaN
382.000000	704.225352	0.000000	769.230769	0.000000	704.182500	-99.847426	-99.878874	-0.006583	0.000054	0.000766	-0.000285	0.000000	NaN	NaN	NaN	NaN	NaN	NaN	NaN
383.000000	704.225352	0.000000	781.250000	0.000000	704.182500	-99.931794	-99.790383	-0.006942	-0.000160	0.000406	-0.000276	0.000000	NaN	NaN	NaN	NaN	NaN	NaN	NaN
384.000000	704.225352	0.000000	793.650794	0.000000	704.182500	-99.884838	-99.816082	-0.006778	0.000004	0.000330	-0.000292	0.000000	NaN	NaN	NaN	NaN	NaN	NaN	NaN
385.000000	714.285714	0.000000	581.395349	0.000000	714.253800	-99.902989	-99.760117	0.021201	-0.000219	0.000508	-0.000285	0.000000	NaN	NaN	NaN	NaN	NaN	NaN	NaN
386.000000	714.285714	0.000000	588.235294	0.000000	714.253800	-99.932159	-99.849912	0.020865	-0.000262	0.000795	-0.000273	0.000000	NaN	NaN	NaN	NaN	NaN	NaN	NaN
387.000000	714.285714	0.000000	595.238095	0.000000	714.253800	-99.895984	-99.842046	0.006097	0.000020	0.000723	-0.000299	0.000000	NaN	NaN	NaN	NaN	NaN	NaN	NaN
388.000000	714.285714	0.000000	602.409639	0.000000	714.253800	-99.896595	-99.868775	0.016132	-0.000092	0.000625	-0.000282	0.000000	NaN	NaN	NaN	NaN	NaN	NaN	NaN
389.000000	714.285714	0.000000	609.756098	0.000000	714.253800	-99.875137	-99.811076	0.024354	-0.000112	0.000630	-0.000314	0.000000	NaN	NaN	NaN	NaN	NaN	NaN	NaN
390.000000	714.285714	0.000000	617.283951	0.000000	714.253800	-99.946523	-99.781147	0.022779	-0.000017	0.000751	-0.000286	0.000000	NaN	NaN	NaN	NaN	NaN	NaN	NaN
391.000000	714.285714	0.000000	625.000000	0.000000	714.253800	-99.855319	-99.860892	0.023014	-0.000087	0.000598	-0.000266	0.000000	NaN	NaN	NaN	NaN	NaN	NaN	NaN
392.000000	714.285714	0.000000	632.911392	0.000000	714.253800	-99.923488	-99.789803	0.017428	-0.000214	0.000601	-0.000295	0.000000	NaN	NaN	NaN	NaN	NaN	NaN	NaN
393.000000	714.285714	0.000000	641.025641	0.000000	714.253800	-99.909865	-99.779317	0.023794	-0.000108	0.000760	-0.000274	0.000000	NaN	NaN	NaN	NaN	NaN	NaN	NaN
394.000000	714.285714	0.000000	649.350649	0.000000	714.253800	-99.958417	-99.817122	0.016628	-0.000105	0.000722	-0.000262	0.000000	NaN	NaN	NaN	NaN	NaN	NaN	NaN
395.000000	714.285714	0.000000	657.894737	0.000000	714.253800	-99.900053	-99.881601	0.002391	0.000004	0.000587	-0.000283	0.000000	NaN	NaN	NaN	NaN	NaN	NaN	NaN
396.000000	714.285714	0.000000	666.666667	0.000000	714.253800	-99.941954	-99.871495	-0.000398	-0.000014	0.000522	-0.000269	0.000000	NaN	NaN	NaN	NaN	NaN	NaN	NaN
397.000000	714.285714	0.000000	675.675676	0.000000	714.253800	-99.927271	-99.838202	-0.001798	-0.000115	0.000720	-0.000273	0.000000	NaN	NaN	NaN	NaN	NaN	NaN	NaN
398.000000	714.285714	0.000000	684.931507	0.000000	714.253800	-99.838945	-99.835956	-0.000779	0.000128	0.000671	-0.000286	0.000000	NaN	NaN	NaN	NaN	NaN	NaN	NaN
399.000000	714.285714	0.000000	694.444444	0.000000	714.253800	-99.831610	-99.770394	-0.001549	0.000070	0.000624	-0.000295	0.000000	NaN	NaN	NaN	NaN	NaN	NaN	NaN
400.000000	714.285714	0.000000	704.225352	0.000000	714.253800	-99.863392	-99.787434	0.000454	-0.000082	0.000467	-0.000245	0.000000	NaN	NaN	NaN	NaN	NaN	NaN	NaN
401.000000	714.285714	0.000000	714.285714	0.000000	714.253800	-99.924329	-99.842702	0.000542	-0.000024	0.000450	-0.000270	0.000000	NaN	NaN	NaN	NaN	NaN	NaN	NaN
402.000000	714.285714	0.000000	724.637681	0.000000	714.253800	-99.850980	-99.778216	-0.002346	-0.000139	0.000850	-0.000286	0.000000	NaN	NaN	NaN	NaN	NaN	NaN	NaN
403.000000	714.285714	0.000000	735.294118	0.000000	714.253800	-99.968041	-99.868251	-0.003469	0.000043	0.000703	-0.000282	0.000000	NaN	NaN	NaN	NaN	NaN	NaN	NaN
404.000000	714.285714	0.000000	746.268657	0.000000	714.253800	-99.958461	-99.784516	-0.005295	-0.000110	0.000442	-0.000251	0.000000	NaN	NaN	NaN	NaN	NaN	NaN	NaN
405.000000	714.285714	0.000000	757.575758	0.000000	714.253800	-99.978205	-99.762261	-0.004994	-0.000189	0.000672	-0.000260	0.000000	NaN	NaN	NaN	NaN	NaN	NaN	NaN
406.000000	714.285714	0.000000	769.230769	0.000000	714.253800	-99.925547	-99.823569	-0.006845	0.000101	0.000595	-0.000305	0.000000	NaN	NaN	NaN	NaN	NaN	NaN	NaN
407.000000	714.285714	0.000000	781.250000	0.000000	714.253800	-99.876490	-99.868504	-0.007435	0.000141	0.000730	-0.000288	0.000000	NaN	NaN	NaN	NaN	NaN	NaN	NaN
408.000000	714.285714	0.000000	793.650794	0.000000	714.253800	-99.829533	-99.894204	-0.007791	-0.000123	0.000546	-0.000285	0.000000	NaN	NaN	NaN	NaN	NaN	NaN	NaN
409.000000	724.637681	0.000000	581.395349	0.000000	724.631500	-99.892396	-99.882949	0.016524	0.000040	0.000724	-0.000250	0.000000	NaN	NaN	NaN	NaN	NaN	NaN	NaN
410.000000	724.637681	0.000000	588.235294	0.000000	724.631500	-99.854853	-99.839319	0.018050	0.000014	0.000597	-0.000305	0.000000	NaN	NaN	NaN	NaN	NaN	NaN	NaN
411.000000	724.637681	0.000000	595.238095	0.000000	724.631500	-99.885391	-99.831453	0.005234	-0.000060	0.000628	-0.000276	0.000000	NaN	NaN	NaN	NaN	NaN	NaN	NaN
412.000000	724.637681	0.000000	602.409639	0.000000	724.631500	-99.952715	-99.858182	0.014097	-0.000084	0.000656	-0.000279	0.000000	NaN	NaN	NaN	NaN	NaN	NaN	NaN
413.000000	724.637681	0.000000	609.756098	0.000000	724.631500	-99.864544	-99.867196	0.022665	0.000105	0.000619	-0.000299	0.000000	NaN	NaN	NaN	NaN	NaN	NaN	NaN
414.000000	724.637681	0.000000	617.283951	0.000000	724.631500	-99.935930	-99.903979	0.020802	-0.000209	0.000625	-0.000268	0.000000	NaN	NaN	NaN	NaN	NaN	NaN	NaN
415.000000	724.637681	0.000000	625.000000	0.000000	724.631500	-99.911438	-99.850299	0.021790	-0.000080	0.000391	-0.000275	0.000000	NaN	NaN	NaN	NaN	NaN	NaN	NaN
416.000000	724.637681	0.000000	632.911392	0.000000	724.631500	-99.912895	-99.779210	0.015097	-0.000302	0.000519	-0.000260	0.000000	NaN	NaN	NaN	NaN	NaN	NaN	NaN
417.000000	724.637681	0.000000	641.025641	0.000000	724.631500	-99.832559	-99.768723	0.019110	-0.000135	0.000907	-0.000315	0.000000	NaN	NaN	NaN	NaN	NaN	NaN	NaN
418.000000	724.637681	0.000000	649.350649	0.000000	724.631500	-99.881111	-99.806529	0.014224	-0.000133	0.000798	-0.000267	0.000000	NaN	NaN	NaN	NaN	NaN	NaN	NaN
419.000000	724.637681	0.000000	657.894737	0.000000	724.631500	-99.956173	-99.804295	0.001064	0.000015	0.000701	-0.000285	0.000000	NaN	NaN	NaN	NaN	NaN	NaN	NaN
420.000000	724.637681	0.000000	666.666667	0.000000	724.631500	-99.864648	-99.794189	-0.002510	-0.000222	0.000699	-0.000272	0.000000	NaN	NaN	NaN	NaN	NaN	NaN	NaN
421.000000	724.637681	0.000000	675.675676	0.000000	724.631500	-99.916678	-99.760896	-0.002442	-0.000065	0.000755	-0.000253	0.000000	NaN	NaN	NaN	NaN	NaN	NaN	NaN
422.000000	724.637681	0.000000	684.931507	0.000000	724.631500	-99.961777	-99.892076	-0.001841	0.000110	0.000766	-0.000285	0.000000	NaN	NaN	NaN	NaN	NaN	NaN	NaN
423.000000	724.637681	0.000000	694.444444	0.000000	724.631500	-99.954442	-99.826514	-0.002583	-0.000147	0.000663	-0.000277	0.000000	NaN	NaN	NaN	NaN	NaN	NaN	NaN
424.000000	724.637681	0.000000	704.225352	0.000000	724.631500	-99.919512	-99.776841	-0.003318	0.000162	0.000821	-0.000265	0.000000	NaN	NaN	NaN	NaN	NaN	NaN	NaN
425.000000	724.637681	0.000000	714.285714	0.000000	724.631500	-99.913736	-99.765396	-0.001796	-0.000050	0.000729	-0.000282	0.000000	NaN	NaN	NaN	NaN	NaN	NaN	NaN
426.000000	724.637681	0.000000	724.637681	0.000000	724.631500	-99.840387	-99.834336	-0.000583	0.000050	0.000532	-0.000291	0.000000	NaN	NaN	NaN	NaN	NaN	NaN	NaN
427.000000	724.637681	0.000000	735.294118	0.000000	724.631500	-99.890735	-99.790945	-0.003380	-0.000197	0.000736	-0.000291	0.000000	NaN	NaN	NaN	NaN	NaN	NaN	NaN
428.000000	724.637681	0.000000	746.268657	0.000000	724.631500	-99.881155	-99.773923	-0.006084	-0.000100	0.000523	-0.000294	0.000000	NaN	NaN	NaN	NaN	NaN	NaN	NaN
429.000000	724.637681	0.000000	757.575758	0.000000	724.631500	-99.900899	-99.818381	-0.006010	-0.000085	0.000759	-0.000274	0.000000	NaN	NaN	NaN	NaN	NaN	NaN	NaN
430.000000	724.637681	0.000000	769.230769	0.000000	724.631500	-99.914954	-99.812976	-0.006886	-0.000179	0.000674	-0.000276	0.000000	NaN	NaN	NaN	NaN	NaN	NaN	NaN
431.000000	724.637681	0.000000	781.250000	0.000000	724.631500	-99.932609	-99.791198	-0.006724	0.000015	0.000705	-0.000283	0.000000	NaN	NaN	NaN	NaN	NaN	NaN	NaN
432.000000	724.637681	0.000000	793.650794	0.000000	724.631500	-99.952366	-99.816898	-0.007552	-0.000042	0.000450	-0.000266	0.000000	NaN	NaN	NaN	NaN	NaN	NaN	NaN
433.000000	735.294118	0.000000	581.395349	0.000000	735.315500	-99.848211	-99.838764	0.010683	0.000055	0.000610	-0.000273	0.000000	NaN	NaN	NaN	NaN	NaN	NaN	NaN
434.000000	735.294118	0.000000	588.235294	0.000000	735.315500	-99.944094	-99.728421	0.015332	-0.000154	0.000799	-0.000280	0.000000	NaN	NaN	NaN	NaN	NaN	NaN	NaN
435.000000	735.294118	0.000000	595.238095	0.000000	735.315500	-99.907919	-99.787268	0.001883	0.000094	0.000400	-0.000266	0.000000	NaN	NaN	NaN	NaN	NaN	NaN	NaN
436.000000	735.294118	0.000000	602.409639	0.000000	735.315500	-99.908530	-99.747284	0.009980	-0.000227	0.000702	-0.000273	0.000000	NaN	NaN	NaN	NaN	NaN	NaN	NaN
437.000000	735.294118	0.000000	609.756098	0.000000	735.315500	-99.887072	-99.823011	0.017441	0.000034	0.000622	-0.000258	0.000000	NaN	NaN	NaN	NaN	NaN	NaN	NaN
438.000000	735.294118	0.000000	617.283951	0.000000	735.315500	-99.825032	-99.859794	0.016043	0.000132	0.000558	-0.000255	0.000000	NaN	NaN	NaN	NaN	NaN	NaN	NaN
439.000000	735.294118	0.000000	625.000000	0.000000	735.315500	-99.867253	-99.806114	0.016688	0.000004	0.000562	-0.000312	0.000000	NaN	NaN	NaN	NaN	NaN	NaN	NaN
440.000000	735.294118	0.000000	632.911392	0.000000	735.315500	-99.801997	-99.868451	0.011298	-0.000376	0.000610	-0.000252	0.000000	NaN	NaN	NaN	NaN	NaN	NaN	NaN
441.000000	735.294118	0.000000	641.025641	0.000000	735.315500	-99.921800	-99.857964	0.014507	-0.000025	0.000618	-0.000295	0.000000	NaN	NaN	NaN	NaN	NaN	NaN	NaN
442.000000	735.294118	0.000000	649.350649	0.000000	735.315500	-99.836926	-99.829057	0.010352	-0.000144	0.000625	-0.000290	0.000000	NaN	NaN	NaN	NaN	NaN	NaN	NaN
443.000000	735.294118	0.000000	657.894737	0.000000	735.315500	-99.911988	-99.760110	-0.000721	0.000178	0.000682	-0.000258	0.000000	NaN	NaN	NaN	NaN	NaN	NaN	NaN
444.000000	735.294118	0.000000	666.666667	0.000000	735.315500	-99.953889	-99.750004	-0.003024	0.000190	0.000608	-0.000274	0.000000	NaN	NaN	NaN	NaN	NaN	NaN	NaN
445.000000	735.294118	0.000000	675.675676	0.000000	735.315500	-99.939205	-99.850136	-0.003453	-0.000113	0.000729	-0.000260	0.000000	NaN	NaN	NaN	NaN	NaN	NaN	NaN
446.000000	735.294118	0.000000	684.931507	0.000000	735.315500	-99.850879	-99.847891	-0.002943	-0.000107	0.000495	-0.000278	0.000000	NaN	NaN	NaN	NaN	NaN	NaN	NaN
447.000000	735.294118	0.000000	694.444444	0.000000	735.315500	-99.910257	-99.782329	-0.004875	-0.000029	0.000929	-0.000296	0.000000	NaN	NaN	NaN	NaN	NaN	NaN	NaN
448.000000	735.294118	0.000000	704.225352	0.000000	735.315500	-99.875327	-99.866082	-0.004149	-0.000018	0.000644	-0.000295	0.000000	NaN	NaN	NaN	NaN	NaN	NaN	NaN
449.000000	735.294118	0.000000	714.285714	0.000000	735.315500	-99.802839	-99.854636	-0.005123	-0.000180	0.000602	-0.000275	0.000000	NaN	NaN	NaN	NaN	NaN	NaN	NaN
450.000000	735.294118	0.000000	724.637681	0.000000	735.315500	-99.929628	-99.790151	-0.003753	0.000068	0.000622	-0.000267	0.000000	NaN	NaN	NaN	NaN	NaN	NaN	NaN
451.000000	735.294118	0.000000	735.294118	0.000000	735.315500	-99.846550	-99.880186	-0.002105	-0.000068	0.000523	-0.000304	0.000000	NaN	NaN	NaN	NaN	NaN	NaN	NaN
452.000000	735.294118	0.000000	746.268657	0.000000	735.315500	-99.836970	-99.796451	-0.005694	-0.000438	0.000808	-0.000269	0.000000	NaN	NaN	NaN	NaN	NaN	NaN	NaN
453.000000	735.294118	0.000000	757.575758	0.000000	735.315500	-99.856714	-99.774196	-0.005575	-0.000186	0.000730	-0.000283	0.000000	NaN	NaN	NaN	NaN	NaN	NaN	NaN
454.000000	735.294118	0.000000	769.230769	0.000000	735.315500	-99.870769	-99.835504	-0.006164	-0.000178	0.000669	-0.000284	0.000000	NaN	NaN	NaN	NaN	NaN	NaN	NaN
455.000000	735.294118	0.000000	781.250000	0.000000	735.315500	-99.888424	-99.747013	-0.006544	-0.000399	0.000612	-0.000288	0.000000	NaN	NaN	NaN	NaN	NaN	NaN	NaN
456.000000	735.294118	0.000000	793.650794	0.000000	735.315500	-99.841468	-99.772713	-0.006940	0.000098	0.000682	-0.000308	0.000000	NaN	NaN	NaN	NaN	NaN	NaN	NaN
457.000000	746.268657	0.000000	581.395349	0.000000	746.305400	-99.886715	-99.877269	0.005250	-0.000313	0.000620	-0.000304	0.000000	NaN	NaN	NaN	NaN	NaN	NaN	NaN
458.000000	746.268657	0.000000	588.235294	0.000000	746.305400	-99.982598	-99.833639	0.009220	0.000148	0.000644	-0.000275	0.000000	NaN	NaN	NaN	NaN	NaN	NaN	NaN
459.000000	746.268657	0.000000	595.238095	0.000000	746.305400	-99.879710	-99.825772	-0.001258	-0.000252	0.000501	-0.000291	0.000000	NaN	NaN	NaN	NaN	NaN	NaN	NaN
460.000000	746.268657	0.000000	602.409639	0.000000	746.305400	-99.813609	-99.852501	0.005220	0.000013	0.000552	-0.000291	0.000000	NaN	NaN	NaN	NaN	NaN	NaN	NaN
461.000000	746.268657	0.000000	609.756098	0.000000	746.305400	-99.858863	-99.861515	0.009177	-0.000186	0.000547	-0.000288	0.000000	NaN	NaN	NaN	NaN	NaN	NaN	NaN
462.000000	746.268657	0.000000	617.283951	0.000000	746.305400	-99.930249	-99.764873	0.010942	0.000125	0.000625	-0.000293	0.000000	NaN	NaN	NaN	NaN	NaN	NaN	NaN
463.000000	746.268657	0.000000	625.000000	0.000000	746.305400	-99.972470	-99.844619	0.009563	-0.000308	0.000434	-0.000295	0.000000	NaN	NaN	NaN	NaN	NaN	NaN	NaN
464.000000	746.268657	0.000000	632.911392	0.000000	746.305400	-99.907214	-99.773530	0.006681	0.000120	0.000442	-0.000278	0.000000	NaN	NaN	NaN	NaN	NaN	NaN	NaN
465.000000	746.268657	0.000000	641.025641	0.000000	746.305400	-99.893591	-99.763043	0.007778	-0.000154	0.000497	-0.000263	0.000000	NaN	NaN	NaN	NaN	NaN	NaN	NaN
466.000000	746.268657	0.000000	649.350649	0.000000	746.305400	-99.942143	-99.800848	0.005827	0.000051	0.000576	-0.000271	0.000000	NaN	NaN	NaN	NaN	NaN	NaN	NaN
467.000000	746.268657	0.000000	657.894737	0.000000	746.305400	-99.817067	-99.798614	-0.002272	-0.000194	0.000664	-0.000272	0.000000	NaN	NaN	NaN	NaN	NaN	NaN	NaN
468.000000	746.268657	0.000000	666.666667	0.000000	746.305400	-99.858968	-99.855221	-0.004337	-0.000153	0.001041	-0.000264	0.000000	NaN	NaN	NaN	NaN	NaN	NaN	NaN
469.000000	746.268657	0.000000	675.675676	0.000000	746.305400	-99.910997	-99.755215	-0.004740	-0.000045	0.000707	-0.000291	0.000000	NaN	NaN	NaN	NaN	NaN	NaN	NaN
470.000000	746.268657	0.000000	684.931507	0.000000	746.305400	-99.956096	-99.752969	-0.004170	-0.000098	0.000713	-0.000266	0.000000	NaN	NaN	NaN	NaN	NaN	NaN	NaN
471.000000	746.268657	0.000000	694.444444	0.000000	746.305400	-99.948762	-99.887546	-0.005082	-0.000086	0.000617	-0.000282	0.000000	NaN	NaN	NaN	NaN	NaN	NaN	NaN
472.000000	746.268657	0.000000	704.225352	0.000000	746.305400	-99.913831	-99.771161	-0.006076	-0.000086	0.000898	-0.000284	0.000000	NaN	NaN	NaN	NaN	NaN	NaN	NaN
473.000000	746.268657	0.000000	714.285714	0.000000	746.305400	-99.908056	-99.826428	-0.005265	-0.000223	0.000634	-0.000281	0.000000	NaN	NaN	NaN	NaN	NaN	NaN	NaN
474.000000	746.268657	0.000000	724.637681	0.000000	746.305400	-99.834707	-99.895368	-0.007271	-0.000167	0.000538	-0.000266	0.000000	NaN	NaN	NaN	NaN	NaN	NaN	NaN
475.000000	746.268657	0.000000	735.294118	0.000000	746.305400	-99.885055	-99.785264	-0.004475	-0.000245	0.000792	-0.000302	0.000000	NaN	NaN	NaN	NaN	NaN	NaN	NaN
476.000000	746.268657	0.000000	746.268657	0.000000	746.305400	-99.875474	-99.768243	-0.003447	0.000010	0.000711	-0.000291	0.000000	NaN	NaN	NaN	NaN	NaN	NaN	NaN
477.000000	746.268657	0.000000	757.575758	0.000000	746.305400	-99.895219	-99.879413	-0.006318	-0.000204	0.000729	-0.000286	0.000000	NaN	NaN	NaN	NaN	NaN	NaN	NaN
478.000000	746.268657	0.000000	769.230769	0.000000	746.305400	-99.909273	-99.807296	-0.005033	-0.000013	0.000584	-0.000264	0.000000	NaN	NaN	NaN	NaN	NaN	NaN	NaN
479.000000	746.268657	0.000000	781.250000	0.000000	746.305400	-99.926929	-99.852231	-0.006479	-0.000254	0.000721	-0.000295	0.000000	NaN	NaN	NaN	NaN	NaN	NaN	NaN
480.000000	746.268657	0.000000	793.650794	0.000000	746.305400	-99.946685	-99.877930	-0.007475	-0.000115	0.000634	-0.000295	0.000000	NaN	NaN	NaN	NaN	NaN	NaN	NaN
481.000000	757.575758	0.000000	581.395349	0.000000	757.601000	-99.970634	-99.827762	-0.000326	-0.000056	0.000706	-0.000259	0.000000	NaN	NaN	NaN	NaN	NaN	NaN	NaN
482.000000	757.575758	0.000000	588.235294	0.000000	757.601000	-99.933091	-99.850844	0.002965	0.000143	0.000793	-0.000299	0.000000	NaN	NaN	NaN	NaN	NaN	NaN	NaN
483.000000	757.575758	0.000000	595.238095	0.000000	757.601000	-99.896916	-99.776265	-0.003814	0.000062	0.000537	-0.000277	0.000000	NaN	NaN	NaN	NaN	NaN	NaN	NaN
484.000000	757.575758	0.000000	602.409639	0.000000	757.601000	-99.897528	-99.802994	-0.000308	-0.000193	0.000612	-0.000287	0.000000	NaN	NaN	NaN	NaN	NaN	NaN	NaN
485.000000	757.575758	0.000000	609.756098	0.000000	757.601000	-99.942782	-99.812008	0.004938	-0.000108	0.000981	-0.000273	0.000000	NaN	NaN	NaN	NaN	NaN	NaN	NaN
486.000000	757.575758	0.000000	617.283951	0.000000	757.601000	-99.880743	-99.848792	0.004473	-0.000075	0.000298	-0.000287	0.000000	NaN	NaN	NaN	NaN	NaN	NaN	NaN
487.000000	757.575758	0.000000	625.000000	0.000000	757.601000	-99.856251	-99.795112	0.003282	-0.000160	0.000551	-0.000269	0.000000	NaN	NaN	NaN	NaN	NaN	NaN	NaN
488.000000	757.575758	0.000000	632.911392	0.000000	757.601000	-99.924420	-99.857448	0.001731	0.000087	0.000694	-0.000309	0.000000	NaN	NaN	NaN	NaN	NaN	NaN	NaN
489.000000	757.575758	0.000000	641.025641	0.000000	757.601000	-99.910797	-99.846961	0.003204	-0.000047	0.000759	-0.000245	0.000000	NaN	NaN	NaN	NaN	NaN	NaN	NaN
490.000000	757.575758	0.000000	649.350649	0.000000	757.601000	-99.825924	-99.818054	0.000673	-0.000072	0.000449	-0.000284	0.000000	NaN	NaN	NaN	NaN	NaN	NaN	NaN
491.000000	757.575758	0.000000	657.894737	0.000000	757.601000	-99.900985	-99.882533	-0.004380	-0.000005	0.000457	-0.000304	0.000000	NaN	NaN	NaN	NaN	NaN	NaN	NaN
492.000000	757.575758	0.000000	666.666667	0.000000	757.601000	-99.942886	-99.872427	-0.005115	0.000088	0.000742	-0.000283	0.000000	NaN	NaN	NaN	NaN	NaN	NaN	NaN
493.000000	757.575758	0.000000	675.675676	0.000000	757.601000	-99.928203	-99.839134	-0.005958	-0.000046	0.000601	-0.000283	0.000000	NaN	NaN	NaN	NaN	NaN	NaN	NaN
494.000000	757.575758	0.000000	684.931507	0.000000	757.601000	-99.906589	-99.836888	-0.005372	-0.000196	0.000471	-0.000282	0.000000	NaN	NaN	NaN	NaN	NaN	NaN	NaN
495.000000	757.575758	0.000000	694.444444	0.000000	757.601000	-99.899255	-99.771327	-0.005914	-0.000007	0.000572	-0.000275	0.000000	NaN	NaN	NaN	NaN	NaN	NaN	NaN
496.000000	757.575758	0.000000	704.225352	0.000000	757.601000	-99.864324	-99.855079	-0.006373	-0.000146	0.000556	-0.000286	0.000000	NaN	NaN	NaN	NaN	NaN	NaN	NaN
497.000000	757.575758	0.000000	714.285714	0.000000	757.601000	-99.925262	-99.843634	-0.006681	0.000202	0.000856	-0.000286	0.000000	NaN	NaN	NaN	NaN	NaN	NaN	NaN
498.000000	757.575758	0.000000	724.637681	0.000000	757.601000	-99.918625	-99.779148	-0.006904	-0.000036	0.000421	-0.000282	0.000000	NaN	NaN	NaN	NaN	NaN	NaN	NaN
499.000000	757.575758	0.000000	735.294118	0.000000	757.601000	-99.835548	-99.869183	-0.006803	-0.000197	0.000590	-0.000291	0.000000	NaN	NaN	NaN	NaN	NaN	NaN	NaN
500.000000	757.575758	0.000000	746.268657	0.000000	757.601000	-99.959393	-99.852161	-0.005923	-0.000010	0.000617	-0.000280	0.000000	NaN	NaN	NaN	NaN	NaN	NaN	NaN
501.000000	757.575758	0.000000	757.575758	0.000000	757.601000	-99.845712	-99.763193	-0.004795	0.000050	0.000772	-0.000285	0.000000	NaN	NaN	NaN	NaN	NaN	NaN	NaN
502.000000	757.575758	0.000000	769.230769	0.000000	757.601000	-99.859766	-99.957927	-0.005974	-0.000164	0.000533	-0.000305	0.000000	NaN	NaN	NaN	NaN	NaN	NaN	NaN
503.000000	757.575758	0.000000	781.250000	0.000000	757.601000	-99.877422	-99.869436	-0.006605	0.000013	0.000673	-0.000280	0.000000	NaN	NaN	NaN	NaN	NaN	NaN	NaN
504.000000	757.575758	0.000000	793.650794	0.000000	757.601000	-99.897178	-99.761710	-0.006265	-0.000097	0.000494	-0.000270	0.000000	NaN	NaN	NaN	NaN	NaN	NaN	NaN
505.000000	769.230769	0.000000	581.395349	0.000000	769.202000	-99.840171	-99.830724	-0.003614	-0.000022	0.000542	-0.000275	0.000000	NaN	NaN	NaN	NaN	NaN	NaN	NaN
506.000000	769.230769	0.000000	588.235294	0.000000	769.202000	-99.802627	-99.787094	-0.001202	-0.000105	0.000426	-0.000286	0.000000	NaN	NaN	NaN	NaN	NaN	NaN	NaN
507.000000	769.230769	0.000000	595.238095	0.000000	769.202000	-99.966591	-99.779227	-0.005039	-0.000083	0.000787	-0.000272	0.000000	NaN	NaN	NaN	NaN	NaN	NaN	NaN
508.000000	769.230769	0.000000	602.409639	0.000000	769.202000	-99.900490	-99.805956	-0.003238	0.000079	0.000604	-0.000263	0.000000	NaN	NaN	NaN	NaN	NaN	NaN	NaN
509.000000	769.230769	0.000000	609.756098	0.000000	769.202000	-99.945744	-99.814971	0.000033	0.000011	0.000503	-0.000289	0.000000	NaN	NaN	NaN	NaN	NaN	NaN	NaN
510.000000	769.230769	0.000000	617.283951	0.000000	769.202000	-99.883705	-99.851754	0.000325	0.000124	0.000611	-0.000249	0.000000	NaN	NaN	NaN	NaN	NaN	NaN	NaN
511.000000	769.230769	0.000000	625.000000	0.000000	769.202000	-99.925926	-99.798074	-0.000233	0.000037	0.000648	-0.000291	0.000000	NaN	NaN	NaN	NaN	NaN	NaN	NaN
512.000000	769.230769	0.000000	632.911392	0.000000	769.202000	-99.860669	-99.860411	-0.001214	-0.000173	0.000524	-0.000292	0.000000	NaN	NaN	NaN	NaN	NaN	NaN	NaN
513.000000	769.230769	0.000000	641.025641	0.000000	769.202000	-99.913760	-99.849924	-0.000894	-0.000070	0.000322	-0.000277	0.000000	NaN	NaN	NaN	NaN	NaN	NaN	NaN
514.000000	769.230769	0.000000	649.350649	0.000000	769.202000	-99.895599	-99.887729	-0.002552	-0.000122	0.000705	-0.000294	0.000000	NaN	NaN	NaN	NaN	NaN	NaN	NaN
515.000000	769.230769	0.000000	657.894737	0.000000	769.202000	-99.903948	-99.752069	-0.004737	0.000118	0.000483	-0.000258	0.000000	NaN	NaN	NaN	NaN	NaN	NaN	NaN
516.000000	769.230769	0.000000	666.666667	0.000000	769.202000	-99.812423	-99.808677	-0.005722	-0.000071	0.000631	-0.000286	0.000000	NaN	NaN	NaN	NaN	NaN	NaN	NaN
517.000000	769.230769	0.000000	675.675676	0.000000	769.202000	-99.864452	-99.842096	-0.006208	-0.000236	0.000516	-0.000289	0.000000	NaN	NaN	NaN	NaN	NaN	NaN	NaN
518.000000	769.230769	0.000000	684.931507	0.000000	769.202000	-99.909552	-99.839850	-0.005559	0.000013	0.000465	-0.000282	0.000000	NaN	NaN	NaN	NaN	NaN	NaN	NaN
519.000000	769.230769	0.000000	694.444444	0.000000	769.202000	-99.902217	-99.841002	-0.006124	0.000070	0.000673	-0.000303	0.000000	NaN	NaN	NaN	NaN	NaN	NaN	NaN
520.000000	769.230769	0.000000	704.225352	0.000000	769.202000	-99.867286	-99.858042	-0.006539	-0.000090	0.000632	-0.000294	0.000000	NaN	NaN	NaN	NaN	NaN	NaN	NaN
521.000000	769.230769	0.000000	714.285714	0.000000	769.202000	-99.861511	-99.846596	-0.006915	-0.000059	0.000470	-0.000276	0.000000	NaN	NaN	NaN	NaN	NaN	NaN	NaN
522.000000	769.230769	0.000000	724.637681	0.000000	769.202000	-99.921588	-99.848823	-0.006981	-0.000097	0.000480	-0.000296	0.000000	NaN	NaN	NaN	NaN	NaN	NaN	NaN
523.000000	769.230769	0.000000	735.294118	0.000000	769.202000	-99.838510	-99.738720	-0.007040	-0.000011	0.000616	-0.000278	0.000000	NaN	NaN	NaN	NaN	NaN	NaN	NaN
524.000000	769.230769	0.000000	746.268657	0.000000	769.202000	-99.828930	-99.855124	-0.006729	-0.000071	0.000635	-0.000278	0.000000	NaN	NaN	NaN	NaN	NaN	NaN	NaN
525.000000	769.230769	0.000000	757.575758	0.000000	769.202000	-99.848674	-99.832868	-0.006125	0.000081	0.000544	-0.000272	0.000000	NaN	NaN	NaN	NaN	NaN	NaN	NaN
526.000000	769.230769	0.000000	769.230769	0.000000	769.202000	-99.862729	-99.894177	-0.004363	-0.000172	0.000833	-0.000257	0.000000	NaN	NaN	NaN	NaN	NaN	NaN	NaN
527.000000	769.230769	0.000000	781.250000	0.000000	769.202000	-99.880384	-99.805686	-0.005622	-0.000071	0.000765	-0.000270	0.000000	NaN	NaN	NaN	NaN	NaN	NaN	NaN
528.000000	769.230769	0.000000	793.650794	0.000000	769.202000	-99.900141	-99.831385	-0.005774	-0.000036	0.000579	-0.000286	0.000000	NaN	NaN	NaN	NaN	NaN	NaN	NaN
529.000000	781.250000	0.000000	581.395349	0.000000	781.211100	-99.866837	-99.790678	-0.005492	0.000035	0.000688	-0.000281	0.000000	NaN	NaN	NaN	NaN	NaN	NaN	NaN
530.000000	781.250000	0.000000	588.235294	0.000000	781.211100	-99.962720	-99.747048	-0.004109	-0.000073	0.000853	-0.000274	0.000000	NaN	NaN	NaN	NaN	NaN	NaN	NaN
531.000000	781.250000	0.000000	595.238095	0.000000	781.211100	-99.926545	-99.805894	-0.006372	0.000151	0.000685	-0.000306	0.000000	NaN	NaN	NaN	NaN	NaN	NaN	NaN
532.000000	781.250000	0.000000	602.409639	0.000000	781.211100	-99.927156	-99.765910	-0.005040	0.000204	0.000481	-0.000271	0.000000	NaN	NaN	NaN	NaN	NaN	NaN	NaN
533.000000	781.250000	0.000000	609.756098	0.000000	781.211100	-99.905698	-99.841637	-0.002962	0.000044	0.000471	-0.000262	0.000000	NaN	NaN	NaN	NaN	NaN	NaN	NaN
534.000000	781.250000	0.000000	617.283951	0.000000	781.211100	-99.843659	-99.811708	-0.002853	-0.000080	0.000546	-0.000278	0.000000	NaN	NaN	NaN	NaN	NaN	NaN	NaN
535.000000	781.250000	0.000000	625.000000	0.000000	781.211100	-99.885880	-99.758028	-0.003022	0.000105	0.000427	-0.000294	0.000000	NaN	NaN	NaN	NaN	NaN	NaN	NaN
536.000000	781.250000	0.000000	632.911392	0.000000	781.211100	-99.820623	-99.820364	-0.003606	-0.000023	0.000461	-0.000286	0.000000	NaN	NaN	NaN	NaN	NaN	NaN	NaN
537.000000	781.250000	0.000000	641.025641	0.000000	781.211100	-99.940426	-99.809877	-0.003322	-0.000270	0.000393	-0.000261	0.000000	NaN	NaN	NaN	NaN	NaN	NaN	NaN
538.000000	781.250000	0.000000	649.350649	0.000000	781.211100	-99.855553	-99.847683	-0.004090	-0.000241	0.000566	-0.000267	0.000000	NaN	NaN	NaN	NaN	NaN	NaN	NaN
539.000000	781.250000	0.000000	657.894737	0.000000	781.211100	-99.930614	-99.778736	-0.005542	-0.000064	0.000599	-0.000267	0.000000	NaN	NaN	NaN	NaN	NaN	NaN	NaN
540.000000	781.250000	0.000000	666.666667	0.000000	781.211100	-99.972515	-99.768630	-0.005629	-0.000060	0.000627	-0.000298	0.000000	NaN	NaN	NaN	NaN	NaN	NaN	NaN
541.000000	781.250000	0.000000	675.675676	0.000000	781.211100	-99.824406	-99.868762	-0.006278	0.000004	0.000753	-0.000259	0.000000	NaN	NaN	NaN	NaN	NaN	NaN	NaN
542.000000	781.250000	0.000000	684.931507	0.000000	781.211100	-99.869505	-99.866517	-0.005970	-0.000126	0.000651	-0.000278	0.000000	NaN	NaN	NaN	NaN	NaN	NaN	NaN
543.000000	781.250000	0.000000	694.444444	0.000000	781.211100	-99.862171	-99.800955	-0.006257	-0.000078	0.000809	-0.000273	0.000000	NaN	NaN	NaN	NaN	NaN	NaN	NaN
544.000000	781.250000	0.000000	704.225352	0.000000	781.211100	-99.893953	-99.817995	-0.006482	-0.000160	0.000721	-0.000281	0.000000	NaN	NaN	NaN	NaN	NaN	NaN	NaN
545.000000	781.250000	0.000000	714.285714	0.000000	781.211100	-99.954890	-99.873263	-0.006731	-0.000010	0.000754	-0.000266	0.000000	NaN	NaN	NaN	NaN	NaN	NaN	NaN
546.000000	781.250000	0.000000	724.637681	0.000000	781.211100	-99.881541	-99.808777	-0.007097	0.000126	0.000390	-0.000303	0.000000	NaN	NaN	NaN	NaN	NaN	NaN	NaN
547.000000	781.250000	0.000000	735.294118	0.000000	781.211100	-99.865176	-99.898812	-0.006883	0.000047	0.000628	-0.000276	0.000000	NaN	NaN	NaN	NaN	NaN	NaN	NaN
548.000000	781.250000	0.000000	746.268657	0.000000	781.211100	-99.855596	-99.815077	-0.006901	-0.000032	0.000665	-0.000272	0.000000	NaN	NaN	NaN	NaN	NaN	NaN	NaN
549.000000	781.250000	0.000000	757.575758	0.000000	781.211100	-99.875340	-99.792822	-0.006994	-0.000047	0.000551	-0.000274	0.000000	NaN	NaN	NaN	NaN	NaN	NaN	NaN
550.000000	781.250000	0.000000	769.230769	0.000000	781.211100	-99.822682	-99.854130	-0.006029	-0.000027	0.000561	-0.000284	0.000000	NaN	NaN	NaN	NaN	NaN	NaN	NaN
551.000000	781.250000	0.000000	781.250000	0.000000	781.211100	-99.907050	-99.765640	-0.005077	0.000006	0.000533	-0.000303	0.000000	NaN	NaN	NaN	NaN	NaN	NaN	NaN
552.000000	781.250000	0.000000	793.650794	0.000000	781.211100	-99.860094	-99.791339	-0.005384	0.000040	0.000707	-0.000284	0.000000	NaN	NaN	NaN	NaN	NaN	NaN	NaN
553.000000	793.650794	0.000000	581.395349	0.000000	793.627700	-99.958607	-99.815735	-0.006654	-0.000059	0.000428	-0.000285	0.000000	NaN	NaN	NaN	NaN	NaN	NaN	NaN
554.000000	793.650794	0.000000	588.235294	0.000000	793.627700	-99.921064	-99.838818	-0.006071	-0.000010	0.000812	-0.000295	0.000000	NaN	NaN	NaN	NaN	NaN	NaN	NaN
555.000000	793.650794	0.000000	595.238095	0.000000	793.627700	-99.884889	-99.897664	-0.007001	0.000116	0.000721	-0.000270	0.000000	NaN	NaN	NaN	NaN	NaN	NaN	NaN
556.000000	793.650794	0.000000	602.409639	0.000000	793.627700	-99.885501	-99.857680	-0.006112	-0.000007	0.000664	-0.000242	0.000000	NaN	NaN	NaN	NaN	NaN	NaN	NaN
557.000000	793.650794	0.000000	609.756098	0.000000	793.627700	-99.930755	-99.799982	-0.005090	-0.000061	0.000871	-0.000266	0.000000	NaN	NaN	NaN	NaN	NaN	NaN	NaN
558.000000	793.650794	0.000000	617.283951	0.000000	793.627700	-99.868716	-99.836765	-0.004802	-0.000215	0.000738	-0.000279	0.000000	NaN	NaN	NaN	NaN	NaN	NaN	NaN
559.000000	793.650794	0.000000	625.000000	0.000000	793.627700	-99.844224	-99.849798	-0.004880	0.000240	0.000543	-0.000272	0.000000	NaN	NaN	NaN	NaN	NaN	NaN	NaN
560.000000	793.650794	0.000000	632.911392	0.000000	793.627700	-99.912393	-99.845422	-0.004963	0.000083	0.000461	-0.000303	0.000000	NaN	NaN	NaN	NaN	NaN	NaN	NaN
561.000000	793.650794	0.000000	641.025641	0.000000	793.627700	-99.898771	-99.834935	-0.004741	-0.000129	0.000698	-0.000291	0.000000	NaN	NaN	NaN	NaN	NaN	NaN	NaN
562.000000	793.650794	0.000000	649.350649	0.000000	793.627700	-99.947323	-99.806027	-0.005683	0.000016	0.000611	-0.000282	0.000000	NaN	NaN	NaN	NaN	NaN	NaN	NaN
563.000000	793.650794	0.000000	657.894737	0.000000	793.627700	-99.888959	-99.870506	-0.006485	-0.000107	0.000670	-0.000264	0.000000	NaN	NaN	NaN	NaN	NaN	NaN	NaN
564.000000	793.650794	0.000000	666.666667	0.000000	793.627700	-99.930860	-99.860400	-0.006659	-0.000279	0.000545	-0.000253	0.000000	NaN	NaN	NaN	NaN	NaN	NaN	NaN
565.000000	793.650794	0.000000	675.675676	0.000000	793.627700	-99.916176	-99.827107	-0.006751	0.000089	0.000400	-0.000287	0.000000	NaN	NaN	NaN	NaN	NaN	NaN	NaN
566.000000	793.650794	0.000000	684.931507	0.000000	793.627700	-99.894563	-99.824861	-0.006481	-0.000049	0.000721	-0.000287	0.000000	NaN	NaN	NaN	NaN	NaN	NaN	NaN
567.000000	793.650794	0.000000	694.444444	0.000000	793.627700	-99.887228	-99.759300	-0.006627	0.000061	0.000459	-0.000257	0.000000	NaN	NaN	NaN	NaN	NaN	NaN	NaN
568.000000	793.650794	0.000000	704.225352	0.000000	793.627700	-99.852297	-99.843052	-0.006776	0.000021	0.000556	-0.000242	0.000000	NaN	NaN	NaN	NaN	NaN	NaN	NaN
569.000000	793.650794	0.000000	714.285714	0.000000	793.627700	-99.913235	-99.831607	-0.007142	-0.000232	0.000336	-0.000272	0.000000	NaN	NaN	NaN	NaN	NaN	NaN	NaN
570.000000	793.650794	0.000000	724.637681	0.000000	793.627700	-99.906599	-99.767121	-0.007320	0.000106	0.000603	-0.000277	0.000000	NaN	NaN	NaN	NaN	NaN	NaN	NaN
571.000000	793.650794	0.000000	735.294118	0.000000	793.627700	-99.823521	-99.857156	-0.006761	0.000043	0.000619	-0.000280	0.000000	NaN	NaN	NaN	NaN	NaN	NaN	NaN
572.000000	793.650794	0.000000	746.268657	0.000000	793.627700	-99.947366	-99.840135	-0.007131	-0.000163	0.000685	-0.000289	0.000000	NaN	NaN	NaN	NaN	NaN	NaN	NaN
573.000000	793.650794	0.000000	757.575758	0.000000	793.627700	-99.833685	-99.751167	-0.007080	-0.000026	0.000734	-0.000270	0.000000	NaN	NaN	NaN	NaN	NaN	NaN	NaN
574.000000	793.650794	0.000000	769.230769	0.000000	793.627700	-99.981165	-99.812475	-0.007076	-0.000259	0.000747	-0.000274	0.000000	NaN	NaN	NaN	NaN	NaN	NaN	NaN
575.000000	793.650794	0.000000	781.250000	0.000000	793.627700	-99.865395	-99.857410	-0.006597	-0.000019	0.000585	-0.000273	0.000000	NaN	NaN	NaN	NaN	NaN	NaN	NaN
576.000000	793.650794	0.000000	793.650794	0.000000	793.627700	-99.885152	-99.749683	-0.005818	0.000034	0.000454	-0.000255	0.000000	NaN	NaN	NaN	NaN	NaN	NaN	NaN
