1	560	1	560	1	559.9496	150.099175	150.006691	1	-0.000042	-0.000032	-0.000275	0	NaN	NaN	NaN	NaN	NaN
2	560	1	560	1	559.9496	150.099175	140.066481	1	-0.000037	-0.000029	-0.000263	0	NaN	NaN	NaN	NaN	NaN
3	560	1	560	1	559.9496	150.099175	130.059558	1	-0.00003	-0.000028	-0.000258	0	NaN	NaN	NaN	NaN	NaN
4	560	1	560	1	559.9496	150.099175	119.985922	1	-0.000039	-0.00003	-0.00028	0	NaN	NaN	NaN	NaN	NaN
5	560	1	560	1	559.9496	150.099175	110.112425	1	-0.000027	-0.000035	-0.000255	0	NaN	NaN	NaN	NaN	NaN
6	560	1	560	1	559.9496	150.099175	100.038789	1	-0.000031	-0.000034	-0.000273	0	NaN	NaN	NaN	NaN	NaN
7	560	1	560	1	559.9496	150.099175	90.031867	1	-0.000031	-0.000035	-0.000235	0	NaN	NaN	NaN	NaN	NaN
8	560	1	560	1	559.9496	150.099175	80.091657	1	-0.000031	-0.000032	-0.000263	0	NaN	NaN	NaN	NaN	NaN
9	560	1	560	1	559.9496	150.099175	70.084734	1	-0.000034	-0.000031	-0.000258	0	NaN	NaN	NaN	NaN	NaN
10	560	1	560	1	559.9496	150.099175	60.011098	1	-0.000034	-0.000043	-0.000289	0	NaN	NaN	NaN	NaN	NaN
11	560	1	560	1	559.9496	150.099175	50.004175	1	-0.000033	-0.000034	-0.000254	0	NaN	NaN	NaN	NaN	NaN
12	560	1	560	1	559.9496	150.099175	40.063965	1	-0.000031	-0.000032	-0.00029	0	NaN	NaN	NaN	NaN	NaN
13	560	1	560	1	559.9496	150.099175	30.057042	1	-0.000037	-0.000039	-0.00029	0	NaN	NaN	NaN	NaN	NaN
14	560	1	560	1	559.9496	150.099175	19.983407	1	-0.000048	-0.000035	-0.000267	0	NaN	NaN	NaN	NaN	NaN
15	560	1	560	1	559.9496	150.099175	10.109909	1	-0.000042	-0.000032	-0.000276	0	NaN	NaN	NaN	NaN	NaN
16	560	1	560	1	559.9496	150.099175	0.036274	1	-0.000038	-0.000033	-0.000235	0	NaN	NaN	NaN	NaN	NaN
17	560	1	560	1	559.9496	150.099175	-9.970649	1	-0.000037	-0.000032	-0.000272	0	NaN	NaN	NaN	NaN	NaN
18	560	1	560	1	559.9496	150.099175	-19.910859	1	-0.000035	-0.000034	-0.000257	0	NaN	NaN	NaN	NaN	NaN
19	560	1	560	1	559.9496	150.099175	-29.917782	1	-0.000032	-0.000034	-0.000295	0	NaN	NaN	NaN	NaN	NaN
20	560	1	560	1	559.9496	150.099175	-39.991418	1	-0.00003	-0.000035	-0.000266	0	NaN	NaN	NaN	NaN	NaN
21	560	1	560	1	559.9496	150.099175	-49.864915	1	-0.000042	-0.000037	-0.000281	0	NaN	NaN	NaN	NaN	NaN
22	560	1	560	1	559.9496	150.099175	-59.938551	1	-0.000039	-0.000036	-0.000298	0	NaN	NaN	NaN	NaN	NaN
23	560	1	560	1	559.9496	150.099175	-69.945473	1	-0.000031	-0.000036	-0.000244	0	NaN	NaN	NaN	NaN	NaN
24	560	1	560	1	559.9496	150.099175	-79.885683	1	-0.000034	-0.000037	-0.000232	0	NaN	NaN	NaN	NaN	NaN
25	560	1	560	1	559.9496	150.099175	-89.959319	1	-0.00003	-0.000032	-0.00029	0	NaN	NaN	NaN	NaN	NaN
26	560	1	560	1	559.9496	150.099175	-99.966242	1	-0.000032	-0.000038	-0.000293	0	NaN	NaN	NaN	NaN	NaN
27	560	1	560	1	559.9496	150.099175	-109.973165	1	-0.000036	-0.000029	-0.00025	0	NaN	NaN	NaN	NaN	NaN
28	560	1	560	1	559.9496	150.099175	-119.913375	1	-0.000032	-0.000032	-0.000241	0	NaN	NaN	NaN	NaN	NaN
29	560	1	560	1	559.9496	150.099175	-129.987011	1	-0.000039	-0.000035	-0.000272	0	NaN	NaN	NaN	NaN	NaN
30	560	1	560	1	559.9496	150.099175	-139.993933	1	-0.000023	-0.000037	-0.000267	0	NaN	NaN	NaN	NaN	NaN
31	560	1	560	1	559.9496	150.099175	-149.934143	1	-0.000032	-0.000027	-0.000248	0	NaN	NaN	NaN	NaN	NaN
32	560	1	560	1	559.9496	140.025539	150.006691	1	-0.000034	-0.000039	-0.00025	0	NaN	NaN	NaN	NaN	NaN
33	560	1	560	1	559.9496	140.025539	140.066481	1	-0.000039	-0.000037	-0.000254	0	NaN	NaN	NaN	NaN	NaN
34	560	1	560	1	559.9496	140.025539	130.059558	1	-0.000029	-0.000035	-0.000241	0	NaN	NaN	NaN	NaN	NaN
35	560	1	560	1	559.9496	140.025539	119.985922	1	-0.000025	-0.000034	-0.000278	0	NaN	NaN	NaN	NaN	NaN
36	560	1	560	1	559.9496	140.025539	110.112425	1	-0.000033	-0.000032	-0.000275	0	NaN	NaN	NaN	NaN	NaN
37	560	1	560	1	559.9496	140.025539	100.038789	1	-0.000028	-0.000035	-0.000275	0	NaN	NaN	NaN	NaN	NaN
38	560	1	560	1	559.9496	140.025539	90.031867	1	-0.00003	-0.000033	-0.000273	0	NaN	NaN	NaN	NaN	NaN
39	560	1	560	1	559.9496	140.025539	80.091657	1	-0.000035	-0.000039	-0.000277	0	NaN	NaN	NaN	NaN	NaN
40	560	1	560	1	559.9496	140.025539	70.084734	1	-0.000033	-0.000033	-0.000224	0	NaN	NaN	NaN	NaN	NaN
41	560	1	560	1	559.9496	140.025539	60.011098	1	-0.000044	-0.000033	-0.000275	0	NaN	NaN	NaN	NaN	NaN
42	560	1	560	1	559.9496	140.025539	50.004175	1	-0.000044	-0.000034	-0.000262	0	NaN	NaN	NaN	NaN	NaN
43	560	1	560	1	559.9496	140.025539	40.063965	1	-0.000039	-0.000038	-0.000251	0	NaN	NaN	NaN	NaN	NaN
44	560	1	560	1	559.9496	140.025539	30.057042	1	-0.000048	-0.000037	-0.000278	0	NaN	NaN	NaN	NaN	NaN
45	560	1	560	1	559.9496	140.025539	19.983407	1	-0.000039	-0.000041	-0.000254	0	NaN	NaN	NaN	NaN	NaN
46	560	1	560	1	559.9496	140.025539	10.109909	1	-0.000042	-0.000034	-0.000268	0	NaN	NaN	NaN	NaN	NaN
47	560	1	560	1	559.9496	140.025539	0.036274	1	-0.000041	-0.000035	-0.000254	0	NaN	NaN	NaN	NaN	NaN
48	560	1	560	1	559.9496	140.025539	-9.970649	1	-0.000033	-0.000037	-0.000241	0	NaN	NaN	NaN	NaN	NaN
49	560	1	560	1	559.9496	140.025539	-19.910859	1	-0.000036	-0.000038	-0.000295	0	NaN	NaN	NaN	NaN	NaN
50	560	1	560	1	559.9496	140.025539	-29.917782	1	-0.000035	-0.000033	-0.000259	0	NaN	NaN	NaN	NaN	NaN
51	560	1	560	1	559.9496	140.025539	-39.991418	1	-0.00003	-0.000033	-0.000259	0	NaN	NaN	NaN	NaN	NaN
52	560	1	560	1	559.9496	140.025539	-49.864915	1	-0.000031	-0.000035	-0.000286	0	NaN	NaN	NaN	NaN	NaN
53	560	1	560	1	559.9496	140.025539	-59.938551	1	-0.000041	-0.000037	-0.000263	0	NaN	NaN	NaN	NaN	NaN
54	560	1	560	1	559.9496	140.025539	-69.945473	1	-0.000045	-0.000033	-0.000278	0	NaN	NaN	NaN	NaN	NaN
55	560	1	560	1	559.9496	140.025539	-79.885683	1	-0.000027	-0.000037	-0.000299	0	NaN	NaN	NaN	NaN	NaN
56	560	1	560	1	559.9496	140.025539	-89.959319	1	-0.000035	-0.000032	-0.000235	0	NaN	NaN	NaN	NaN	NaN
57	560	1	560	1	559.9496	140.025539	-99.966242	1	-0.00004	-0.000031	-0.000235	0	NaN	NaN	NaN	NaN	NaN
58	560	1	560	1	559.9496	140.025539	-109.973165	1	-0.000028	-0.00003	-0.000304	0	NaN	NaN	NaN	NaN	NaN
59	560	1	560	1	559.9496	140.025539	-119.913375	1	-0.000042	-0.000035	-0.000277	0	NaN	NaN	NaN	NaN	NaN
60	560	1	560	1	559.9496	140.025539	-129.987011	1	-0.000034	-0.000037	-0.000298	0	NaN	NaN	NaN	NaN	NaN
61	560	1	560	1	559.9496	140.025539	-139.993933	1	-0.00004	-0.000022	-0.00026	0	NaN	NaN	NaN	NaN	NaN
62	560	1	560	1	559.9496	140.025539	-149.934143	1	-0.000042	-0.000033	-0.000263	0	NaN	NaN	NaN	NaN	NaN
63	560	1	560	1	559.9496	130.018616	150.006691	1	-0.000031	-0.000032	-0.000277	0	NaN	NaN	NaN	NaN	NaN
64	560	1	560	1	559.9496	130.018616	140.066481	1	-0.000024	-0.000031	-0.00026	0	NaN	NaN	NaN	NaN	NaN
65	560	1	560	1	559.9496	130.018616	130.059558	1	-0.000033	-0.000036	-0.000264	0	NaN	NaN	NaN	NaN	NaN
66	560	1	560	1	559.9496	130.018616	119.985922	1	-0.000027	-0.000031	-0.00026	0	NaN	NaN	NaN	NaN	NaN
67	560	1	560	1	559.9496	130.018616	110.112425	1	-0.000025	-0.000039	-0.000259	0	NaN	NaN	NaN	NaN	NaN
68	560	1	560	1	559.9496	130.018616	100.038789	1	-0.000027	-0.00003	-0.000248	0	NaN	NaN	NaN	NaN	NaN
69	560	1	560	1	559.9496	130.018616	90.031867	1	-0.000044	-0.000036	-0.000275	0	NaN	NaN	NaN	NaN	NaN
70	560	1	560	1	559.9496	130.018616	80.091657	1	-0.000037	-0.00003	-0.000284	0	NaN	NaN	NaN	NaN	NaN
71	560	1	560	1	559.9496	130.018616	70.084734	1	-0.000041	-0.000035	-0.000257	0	NaN	NaN	NaN	NaN	NaN
72	560	1	560	1	559.9496	130.018616	60.011098	1	-0.000028	-0.000036	-0.000275	0	NaN	NaN	NaN	NaN	NaN
73	560	1	560	1	559.9496	130.018616	50.004175	1	-0.000032	-0.000036	-0.000305	0	NaN	NaN	NaN	NaN	NaN
74	560	1	560	1	559.9496	130.018616	40.063965	1	-0.000047	-0.000035	-0.000282	0	NaN	NaN	NaN	NaN	NaN
75	560	1	560	1	559.9496	130.018616	30.057042	1	-0.000044	-0.000036	-0.000296	0	NaN	NaN	NaN	NaN	NaN
76	560	1	560	1	559.9496	130.018616	19.983407	1	-0.000036	-0.000033	-0.000254	0	NaN	NaN	NaN	NaN	NaN
77	560	1	560	1	559.9496	130.018616	10.109909	1	-0.000042	-0.000039	-0.000273	0	NaN	NaN	NaN	NaN	NaN
78	560	1	560	1	559.9496	130.018616	0.036274	1	-0.000044	-0.000036	-0.000262	0	NaN	NaN	NaN	NaN	NaN
79	560	1	560	1	559.9496	130.018616	-9.970649	1	-0.000037	-0.000033	-0.000281	0	NaN	NaN	NaN	NaN	NaN
80	560	1	560	1	559.9496	130.018616	-19.910859	1	-0.000039	-0.000038	-0.000275	0	NaN	NaN	NaN	NaN	NaN
81	560	1	560	1	559.9496	130.018616	-29.917782	1	-0.000027	-0.000043	-0.000275	0	NaN	NaN	NaN	NaN	NaN
82	560	1	560	1	559.9496	130.018616	-39.991418	1	-0.000025	-0.000032	-0.000286	0	NaN	NaN	NaN	NaN	NaN
83	560	1	560	1	559.9496	130.018616	-49.864915	1	-0.000029	-0.00004	-0.000255	0	NaN	NaN	NaN	NaN	NaN
84	560	1	560	1	559.9496	130.018616	-59.938551	1	-0.000036	-0.000034	-0.00028	0	NaN	NaN	NaN	NaN	NaN
85	560	1	560	1	559.9496	130.018616	-69.945473	1	-0.000033	-0.000029	-0.00026	0	NaN	NaN	NaN	NaN	NaN
86	560	1	560	1	559.9496	130.018616	-79.885683	1	-0.00003	-0.000036	-0.000205	0	NaN	NaN	NaN	NaN	NaN
87	560	1	560	1	559.9496	130.018616	-89.959319	1	-0.000033	-0.000039	-0.000263	0	NaN	NaN	NaN	NaN	NaN
88	560	1	560	1	559.9496	130.018616	-99.966242	1	-0.000028	-0.000035	-0.000258	0	NaN	NaN	NaN	NaN	NaN
89	560	1	560	1	559.9496	130.018616	-109.973165	1	-0.000038	-0.000033	-0.000246	0	NaN	NaN	NaN	NaN	NaN
90	560	1	560	1	559.9496	130.018616	-119.913375	1	-0.00003	-0.000034	-0.000263	0	NaN	NaN	NaN	NaN	NaN
91	560	1	560	1	559.9496	130.018616	-129.987011	1	-0.000029	-0.000032	-0.000246	0	NaN	NaN	NaN	NaN	NaN
92	560	1	560	1	559.9496	130.018616	-139.993933	1	-0.000037	-0.000035	-0.000287	0	NaN	NaN	NaN	NaN	NaN
93	560	1	560	1	559.9496	130.018616	-149.934143	1	-0.000033	-0.000031	-0.000285	0	NaN	NaN	NaN	NaN	NaN
94	560	1	560	1	559.9496	120.078406	150.006691	1	-0.000032	-0.000033	-0.000233	0	NaN	NaN	NaN	NaN	NaN
95	560	1	560	1	559.9496	120.078406	140.066481	1	-0.000034	-0.000033	-0.000237	0	NaN	NaN	NaN	NaN	NaN
96	560	1	560	1	559.9496	120.078406	130.059558	1	-0.000035	-0.000024	-0.000237	0	NaN	NaN	NaN	NaN	NaN
97	560	1	560	1	559.9496	120.078406	119.985922	1	-0.000027	-0.000037	-0.000233	0	NaN	NaN	NaN	NaN	NaN
98	560	1	560	1	559.9496	120.078406	110.112425	1	-0.000032	-0.000039	-0.000237	0	NaN	NaN	NaN	NaN	NaN
99	560	1	560	1	559.9496	120.078406	100.038789	1	-0.00004	-0.000033	-0.000269	0	NaN	NaN	NaN	NaN	NaN
100	560	1	560	1	559.9496	120.078406	90.031867	1	-0.00003	-0.000036	-0.000249	0	NaN	NaN	NaN	NaN	NaN
101	560	1	560	1	559.9496	120.078406	80.091657	1	-0.000041	-0.000032	-0.000286	0	NaN	NaN	NaN	NaN	NaN
102	560	1	560	1	559.9496	120.078406	70.084734	1	-0.000039	-0.00004	-0.00028	0	NaN	NaN	NaN	NaN	NaN
103	560	1	560	1	559.9496	120.078406	60.011098	1	-0.00004	-0.00003	-0.000259	0	NaN	NaN	NaN	NaN	NaN
104	560	1	560	1	559.9496	120.078406	50.004175	1	-0.000034	-0.000019	-0.000231	0	NaN	NaN	NaN	NaN	NaN
105	560	1	560	1	559.9496	120.078406	40.063965	1	-0.000038	-0.00003	-0.000235	0	NaN	NaN	NaN	NaN	NaN
106	560	1	560	1	559.9496	120.078406	30.057042	1	-0.000043	-0.000037	-0.000293	0	NaN	NaN	NaN	NaN	NaN
107	560	1	560	1	559.9496	120.078406	19.983407	1	-0.000043	-0.000037	-0.00021	0	NaN	NaN	NaN	NaN	NaN
108	560	1	560	1	559.9496	120.078406	10.109909	1	-0.000043	-0.000036	-0.000244	0	NaN	NaN	NaN	NaN	NaN
109	560	1	560	1	559.9496	120.078406	0.036274	1	-0.000033	-0.000036	-0.000249	0	NaN	NaN	NaN	NaN	NaN
110	560	1	560	1	559.9496	120.078406	-9.970649	1	-0.000032	-0.000034	-0.000248	0	NaN	NaN	NaN	NaN	NaN
111	560	1	560	1	559.9496	120.078406	-19.910859	1	-0.000035	-0.000033	-0.000232	0	NaN	NaN	NaN	NaN	NaN
112	560	1	560	1	559.9496	120.078406	-29.917782	1	-0.000033	-0.000038	-0.000263	0	NaN	NaN	NaN	NaN	NaN
113	560	1	560	1	559.9496	120.078406	-39.991418	1	-0.000042	-0.000027	-0.000258	0	NaN	NaN	NaN	NaN	NaN
114	560	1	560	1	559.9496	120.078406	-49.864915	1	-0.00004	-0.000034	-0.000251	0	NaN	NaN	NaN	NaN	NaN
115	560	1	560	1	559.9496	120.078406	-59.938551	1	-0.000031	-0.000033	-0.00024	0	NaN	NaN	NaN	NaN	NaN
116	560	1	560	1	559.9496	120.078406	-69.945473	1	-0.000028	-0.00004	-0.000266	0	NaN	NaN	NaN	NaN	NaN
117	560	1	560	1	559.9496	120.078406	-79.885683	1	-0.000032	-0.000032	-0.00025	0	NaN	NaN	NaN	NaN	NaN
118	560	1	560	1	559.9496	120.078406	-89.959319	1	-0.000038	-0.000033	-0.000259	0	NaN	NaN	NaN	NaN	NaN
119	560	1	560	1	559.9496	120.078406	-99.966242	1	-0.000031	-0.00003	-0.000278	0	NaN	NaN	NaN	NaN	NaN
120	560	1	560	1	559.9496	120.078406	-109.973165	1	-0.00003	-0.000041	-0.00025	0	NaN	NaN	NaN	NaN	NaN
121	560	1	560	1	559.9496	120.078406	-119.913375	1	-0.00004	-0.000036	-0.000227	0	NaN	NaN	NaN	NaN	NaN
122	560	1	560	1	559.9496	120.078406	-129.987011	1	-0.000025	-0.000034	-0.000267	0	NaN	NaN	NaN	NaN	NaN
123	560	1	560	1	559.9496	120.078406	-139.993933	1	-0.000032	-0.000032	-0.000244	0	NaN	NaN	NaN	NaN	NaN
124	560	1	560	1	559.9496	120.078406	-149.934143	1	-0.000041	-0.000036	-0.000298	0	NaN	NaN	NaN	NaN	NaN
125	560	1	560	1	559.9496	110.071483	150.006691	1	-0.000036	-0.000038	-0.000287	0	NaN	NaN	NaN	NaN	NaN
126	560	1	560	1	559.9496	110.071483	140.066481	1	-0.000039	-0.000038	-0.000224	0	NaN	NaN	NaN	NaN	NaN
127	560	1	560	1	559.9496	110.071483	130.059558	1	-0.000035	-0.000028	-0.00024	0	NaN	NaN	NaN	NaN	NaN
128	560	1	560	1	559.9496	110.071483	119.985922	1	-0.000036	-0.000033	-0.000239	0	NaN	NaN	NaN	NaN	NaN
129	560	1	560	1	559.9496	110.071483	110.112425	1	-0.000029	-0.000041	-0.000248	0	NaN	NaN	NaN	NaN	NaN
130	560	1	560	1	559.9496	110.071483	100.038789	1	-0.000027	-0.000038	-0.000264	0	NaN	NaN	NaN	NaN	NaN
131	560	1	560	1	559.9496	110.071483	90.031867	1	-0.000035	-0.00004	-0.000264	0	NaN	NaN	NaN	NaN	NaN
132	560	1	560	1	559.9496	110.071483	80.091657	1	-0.000038	-0.000036	-0.00025	0	NaN	NaN	NaN	NaN	NaN
133	560	1	560	1	559.9496	110.071483	70.084734	1	-0.000028	-0.000039	-0.000277	0	NaN	NaN	NaN	NaN	NaN
134	560	1	560	1	559.9496	110.071483	60.011098	1	-0.00004	-0.000033	-0.000244	0	NaN	NaN	NaN	NaN	NaN
135	560	1	560	1	559.9496	110.071483	50.004175	1	-0.000043	-0.000033	-0.000249	0	NaN	NaN	NaN	NaN	NaN
136	560	1	560	1	559.9496	110.071483	40.063965	1	-0.000046	-0.000036	-0.000244	0	NaN	NaN	NaN	NaN	NaN
137	560	1	560	1	559.9496	110.071483	30.057042	1	-0.00004	-0.000033	-0.000258	0	NaN	NaN	NaN	NaN	NaN
138	560	1	560	1	559.9496	110.071483	19.983407	1	-0.000038	-0.000029	-0.000233	0	NaN	NaN	NaN	NaN	NaN
139	560	1	560	1	559.9496	110.071483	10.109909	1	-0.000029	-0.000035	-0.00026	0	NaN	NaN	NaN	NaN	NaN
140	560	1	560	1	559.9496	110.071483	0.036274	1	-0.000036	-0.000039	-0.000271	0	NaN	NaN	NaN	NaN	NaN
141	560	1	560	1	559.9496	110.071483	-9.970649	1	-0.000034	-0.000034	-0.000273	0	NaN	NaN	NaN	NaN	NaN
142	560	1	560	1	559.9496	110.071483	-19.910859	1	-0.000035	-0.000025	-0.000257	0	NaN	NaN	NaN	NaN	NaN
143	560	1	560	1	559.9496	110.071483	-29.917782	1	-0.000031	-0.000028	-0.00028	0	NaN	NaN	NaN	NaN	NaN
144	560	1	560	1	559.9496	110.071483	-39.991418	1	-0.000038	-0.000031	-0.00029	0	NaN	NaN	NaN	NaN	NaN
145	560	1	560	1	559.9496	110.071483	-49.864915	1	-0.000038	-0.000035	-0.000296	0	NaN	NaN	NaN	NaN	NaN
146	560	1	560	1	559.9496	110.071483	-59.938551	1	-0.000034	-0.000034	-0.000226	0	NaN	NaN	NaN	NaN	NaN
147	560	1	560	1	559.9496	110.071483	-69.945473	1	-0.000026	-0.000034	-0.000258	0	NaN	NaN	NaN	NaN	NaN
148	560	1	560	1	559.9496	110.071483	-79.885683	1	-0.000026	-0.000038	-0.000259	0	NaN	NaN	NaN	NaN	NaN
149	560	1	560	1	559.9496	110.071483	-89.959319	1	-0.000033	-0.000038	-0.000271	0	NaN	NaN	NaN	NaN	NaN
150	560	1	560	1	559.9496	110.071483	-99.966242	1	-0.000032	-0.00003	-0.000276	0	NaN	NaN	NaN	NaN	NaN
151	560	1	560	1	559.9496	110.071483	-109.973165	1	-0.00003	-0.000029	-0.000236	0	NaN	NaN	NaN	NaN	NaN
152	560	1	560	1	559.9496	110.071483	-119.913375	1	-0.000032	-0.000031	-0.000233	0	NaN	NaN	NaN	NaN	NaN
153	560	1	560	1	559.9496	110.071483	-129.987011	1	-0.00004	-0.000036	-0.00028	0	NaN	NaN	NaN	NaN	NaN
154	560	1	560	1	559.9496	110.071483	-139.993933	1	-0.000034	-0.000035	-0.000272	0	NaN	NaN	NaN	NaN	NaN
155	560	1	560	1	559.9496	110.071483	-149.934143	1	-0.000038	-0.000041	-0.000269	0	NaN	NaN	NaN	NaN	NaN
156	560	1	560	1	559.9496	99.997847	150.006691	1	-0.000035	-0.000035	-0.000278	0	NaN	NaN	NaN	NaN	NaN
157	560	1	560	1	559.9496	99.997847	140.066481	1	-0.000034	-0.000037	-0.000245	0	NaN	NaN	NaN	NaN	NaN
158	560	1	560	1	559.9496	99.997847	130.059558	1	-0.00003	-0.000035	-0.00026	0	NaN	NaN	NaN	NaN	NaN
159	560	1	560	1	559.9496	99.997847	119.985922	1	-0.000034	-0.000036	-0.000266	0	NaN	NaN	NaN	NaN	NaN
160	560	1	560	1	559.9496	99.997847	110.112425	1	-0.000034	-0.000031	-0.000286	0	NaN	NaN	NaN	NaN	NaN
161	560	1	560	1	559.9496	99.997847	100.038789	1	-0.000031	-0.00004	-0.000249	0	NaN	NaN	NaN	NaN	NaN
162	560	1	560	1	559.9496	99.997847	90.031867	1	-0.000027	-0.000026	-0.000281	0	NaN	NaN	NaN	NaN	NaN
163	560	1	560	1	559.9496	99.997847	80.091657	1	-0.000036	-0.000034	-0.000255	0	NaN	NaN	NaN	NaN	NaN
164	560	1	560	1	559.9496	99.997847	70.084734	1	-0.000047	-0.000028	-0.000258	0	NaN	NaN	NaN	NaN	NaN
165	560	1	560	1	559.9496	99.997847	60.011098	1	-0.000045	-0.000043	-0.00026	0	NaN	NaN	NaN	NaN	NaN
166	560	1	560	1	559.9496	99.997847	50.004175	1	-0.000044	-0.000037	-0.000229	0	NaN	NaN	NaN	NaN	NaN
167	560	1	560	1	559.9496	99.997847	40.063965	1	-0.000036	-0.000034	-0.000232	0	NaN	NaN	NaN	NaN	NaN
168	560	1	560	1	559.9496	99.997847	30.057042	1	-0.000045	-0.000036	-0.000258	0	NaN	NaN	NaN	NaN	NaN
169	560	1	560	1	559.9496	99.997847	19.983407	1	-0.000045	-0.000031	-0.000248	0	NaN	NaN	NaN	NaN	NaN
170	560	1	560	1	559.9496	99.997847	10.109909	1	-0.000046	-0.000044	-0.000282	0	NaN	NaN	NaN	NaN	NaN
171	560	1	560	1	559.9496	99.997847	0.036274	1	-0.000045	-0.000039	-0.000245	0	NaN	NaN	NaN	NaN	NaN
172	560	1	560	1	559.9496	99.997847	-9.970649	1	-0.000042	-0.000031	-0.000282	0	NaN	NaN	NaN	NaN	NaN
173	560	1	560	1	559.9496	99.997847	-19.910859	1	-0.000041	-0.000039	-0.000271	0	NaN	NaN	NaN	NaN	NaN
174	560	1	560	1	559.9496	99.997847	-29.917782	1	-0.000032	-0.000032	-0.000229	0	NaN	NaN	NaN	NaN	NaN
175	560	1	560	1	559.9496	99.997847	-39.991418	1	-0.000035	-0.000028	-0.000257	0	NaN	NaN	NaN	NaN	NaN
176	560	1	560	1	559.9496	99.997847	-49.864915	1	-0.000036	-0.000033	-0.000254	0	NaN	NaN	NaN	NaN	NaN
177	560	1	560	1	559.9496	99.997847	-59.938551	1	-0.000036	-0.000034	-0.00028	0	NaN	NaN	NaN	NaN	NaN
178	560	1	560	1	559.9496	99.997847	-69.945473	1	-0.000038	-0.000032	-0.000264	0	NaN	NaN	NaN	NaN	NaN
179	560	1	560	1	559.9496	99.997847	-79.885683	1	-0.000036	-0.000037	-0.000284	0	NaN	NaN	NaN	NaN	NaN
180	560	1	560	1	559.9496	99.997847	-89.959319	1	-0.000035	-0.000035	-0.000233	0	NaN	NaN	NaN	NaN	NaN
181	560	1	560	1	559.9496	99.997847	-99.966242	1	-0.000034	-0.000035	-0.000268	0	NaN	NaN	NaN	NaN	NaN
182	560	1	560	1	559.9496	99.997847	-109.973165	1	-0.000032	-0.000037	-0.000248	0	NaN	NaN	NaN	NaN	NaN
183	560	1	560	1	559.9496	99.997847	-119.913375	1	-0.000035	-0.000037	-0.000281	0	NaN	NaN	NaN	NaN	NaN
184	560	1	560	1	559.9496	99.997847	-129.987011	1	-0.00003	-0.000035	-0.000215	0	NaN	NaN	NaN	NaN	NaN
185	560	1	560	1	559.9496	99.997847	-139.993933	1	-0.000032	-0.000033	-0.000235	0	NaN	NaN	NaN	NaN	NaN
186	560	1	560	1	559.9496	99.997847	-149.934143	1	-0.000037	-0.000033	-0.000244	0	NaN	NaN	NaN	NaN	NaN
187	560	1	560	1	559.9496	90.12435	150.006691	1	-0.00004	-0.000028	-0.000272	0	NaN	NaN	NaN	NaN	NaN
188	560	1	560	1	559.9496	90.12435	140.066481	1	-0.000032	-0.000038	-0.000268	0	NaN	NaN	NaN	NaN	NaN
189	560	1	560	1	559.9496	90.12435	130.059558	1	-0.000031	-0.000041	-0.000278	0	NaN	NaN	NaN	NaN	NaN
190	560	1	560	1	559.9496	90.12435	119.985922	1	-0.000031	-0.000027	-0.00028	0	NaN	NaN	NaN	NaN	NaN
191	560	1	560	1	559.9496	90.12435	110.112425	1	-0.000034	-0.000032	-0.000249	0	NaN	NaN	NaN	NaN	NaN
192	560	1	560	1	559.9496	90.12435	100.038789	1	-0.000034	-0.000031	-0.000281	0	NaN	NaN	NaN	NaN	NaN
193	560	1	560	1	559.9496	90.12435	90.031867	1	-0.000032	-0.000027	-0.000277	0	NaN	NaN	NaN	NaN	NaN
194	560	1	560	1	559.9496	90.12435	80.091657	1	-0.000041	-0.000035	-0.00025	0	NaN	NaN	NaN	NaN	NaN
195	560	1	560	1	559.9496	90.12435	70.084734	1	-0.000036	-0.000035	-0.000266	0	NaN	NaN	NaN	NaN	NaN
196	560	1	560	1	559.9496	90.12435	60.011098	1	-0.000035	-0.000035	-0.000249	0	NaN	NaN	NaN	NaN	NaN
197	560	1	560	1	559.9496	90.12435	50.004175	1	-0.000039	-0.000044	-0.00026	0	NaN	NaN	NaN	NaN	NaN
198	560	1	560	1	559.9496	90.12435	40.063965	1	-0.000045	-0.000035	-0.000282	0	NaN	NaN	NaN	NaN	NaN
199	560	1	560	1	559.9496	90.12435	30.057042	1	-0.000042	-0.000034	-0.000253	0	NaN	NaN	NaN	NaN	NaN
200	560	1	560	1	559.9496	90.12435	19.983407	1	-0.000045	-0.000033	-0.000262	0	NaN	NaN	NaN	NaN	NaN
201	560	1	560	1	559.9496	90.12435	10.109909	1	-0.000043	-0.000031	-0.000254	0	NaN	NaN	NaN	NaN	NaN
202	560	1	560	1	559.9496	90.12435	0.036274	1	-0.000041	-0.000033	-0.00025	0	NaN	NaN	NaN	NaN	NaN
203	560	1	560	1	559.9496	90.12435	-9.970649	1	-0.000036	-0.000032	-0.000266	0	NaN	NaN	NaN	NaN	NaN
204	560	1	560	1	559.9496	90.12435	-19.910859	1	-0.000036	-0.000039	-0.000299	0	NaN	NaN	NaN	NaN	NaN
205	560	1	560	1	559.9496	90.12435	-29.917782	1	-0.000034	-0.000033	-0.00028	0	NaN	NaN	NaN	NaN	NaN
206	560	1	560	1	559.9496	90.12435	-39.991418	1	-0.000036	-0.000026	-0.000249	0	NaN	NaN	NaN	NaN	NaN
207	560	1	560	1	559.9496	90.12435	-49.864915	1	-0.000031	-0.000035	-0.000264	0	NaN	NaN	NaN	NaN	NaN
208	560	1	560	1	559.9496	90.12435	-59.938551	1	-0.000036	-0.00004	-0.000284	0	NaN	NaN	NaN	NaN	NaN
209	560	1	560	1	559.9496	90.12435	-69.945473	1	-0.000038	-0.000034	-0.00024	0	NaN	NaN	NaN	NaN	NaN
210	560	1	560	1	559.9496	90.12435	-79.885683	1	-0.000028	-0.000039	-0.000251	0	NaN	NaN	NaN	NaN	NaN
211	560	1	560	1	559.9496	90.12435	-89.959319	1	-0.000038	-0.000028	-0.000237	0	NaN	NaN	NaN	NaN	NaN
212	560	1	560	1	559.9496	90.12435	-99.966242	1	-0.000036	-0.000037	-0.000245	0	NaN	NaN	NaN	NaN	NaN
213	560	1	560	1	559.9496	90.12435	-109.973165	1	-0.000039	-0.000035	-0.000268	0	NaN	NaN	NaN	NaN	NaN
214	560	1	560	1	559.9496	90.12435	-119.913375	1	-0.000041	-0.000044	-0.000262	0	NaN	NaN	NaN	NaN	NaN
215	560	1	560	1	559.9496	90.12435	-129.987011	1	-0.000033	-0.000035	-0.000241	0	NaN	NaN	NaN	NaN	NaN
216	560	1	560	1	559.9496	90.12435	-139.993933	1	-0.000034	-0.000037	-0.000268	0	NaN	NaN	NaN	NaN	NaN
217	560	1	560	1	559.9496	90.12435	-149.934143	1	-0.00004	-0.000036	-0.000271	0	NaN	NaN	NaN	NaN	NaN
218	560	1	560	1	559.9496	80.050715	150.006691	1	-0.000033	-0.000038	-0.000246	0	NaN	NaN	NaN	NaN	NaN
219	560	1	560	1	559.9496	80.050715	140.066481	1	-0.000028	-0.000035	-0.000264	0	NaN	NaN	NaN	NaN	NaN
220	560	1	560	1	559.9496	80.050715	130.059558	1	-0.000031	-0.000035	-0.000259	0	NaN	NaN	NaN	NaN	NaN
221	560	1	560	1	559.9496	80.050715	119.985922	1	-0.000033	-0.000033	-0.000259	0	NaN	NaN	NaN	NaN	NaN
222	560	1	560	1	559.9496	80.050715	110.112425	1	-0.000027	-0.000038	-0.00026	0	NaN	NaN	NaN	NaN	NaN
223	560	1	560	1	559.9496	80.050715	100.038789	1	-0.000037	-0.00003	-0.000286	0	NaN	NaN	NaN	NaN	NaN
224	560	1	560	1	559.9496	80.050715	90.031867	1	-0.000026	-0.000036	-0.000237	0	NaN	NaN	NaN	NaN	NaN
225	560	1	560	1	559.9496	80.050715	80.091657	1	-0.000039	-0.000036	-0.000284	0	NaN	NaN	NaN	NaN	NaN
226	560	1	560	1	559.9496	80.050715	70.084734	1	-0.000039	-0.000027	-0.000307	0	NaN	NaN	NaN	NaN	NaN
227	560	1	560	1	559.9496	80.050715	60.011098	1	-0.00004	-0.00003	-0.000281	0	NaN	NaN	NaN	NaN	NaN
228	560	1	560	1	559.9496	80.050715	50.004175	1	-0.000038	-0.000031	-0.000253	0	NaN	NaN	NaN	NaN	NaN
229	560	1	560	1	559.9496	80.050715	40.063965	1	-0.000044	-0.000035	-0.000268	0	NaN	NaN	NaN	NaN	NaN
230	560	1	560	1	559.9496	80.050715	30.057042	1	-0.000033	-0.000037	-0.000259	0	NaN	NaN	NaN	NaN	NaN
231	560	1	560	1	559.9496	80.050715	19.983407	1	-0.000036	-0.000037	-0.000245	0	NaN	NaN	NaN	NaN	NaN
232	560	1	560	1	559.9496	80.050715	10.109909	1	-0.000039	-0.000032	-0.000282	0	NaN	NaN	NaN	NaN	NaN
233	560	1	560	1	559.9496	80.050715	0.036274	1	-0.000039	-0.000036	-0.000251	0	NaN	NaN	NaN	NaN	NaN
234	560	1	560	1	559.9496	80.050715	-9.970649	1	-0.000037	-0.000035	-0.000262	0	NaN	NaN	NaN	NaN	NaN
235	560	1	560	1	559.9496	80.050715	-19.910859	1	-0.000032	-0.000039	-0.000272	0	NaN	NaN	NaN	NaN	NaN
236	560	1	560	1	559.9496	80.050715	-29.917782	1	-0.000041	-0.000042	-0.000291	0	NaN	NaN	NaN	NaN	NaN
237	560	1	560	1	559.9496	80.050715	-39.991418	1	-0.000036	-0.00004	-0.000242	0	NaN	NaN	NaN	NaN	NaN
238	560	1	560	1	559.9496	80.050715	-49.864915	1	-0.000037	-0.000031	-0.000229	0	NaN	NaN	NaN	NaN	NaN
239	560	1	560	1	559.9496	80.050715	-59.938551	1	-0.000034	-0.000038	-0.00024	0	NaN	NaN	NaN	NaN	NaN
240	560	1	560	1	559.9496	80.050715	-69.945473	1	-0.000037	-0.000031	-0.000254	0	NaN	NaN	NaN	NaN	NaN
241	560	1	560	1	559.9496	80.050715	-79.885683	1	-0.000034	-0.000033	-0.000284	0	NaN	NaN	NaN	NaN	NaN
242	560	1	560	1	559.9496	80.050715	-89.959319	1	-0.000031	-0.000031	-0.000268	0	NaN	NaN	NaN	NaN	NaN
243	560	1	560	1	559.9496	80.050715	-99.966242	1	-0.000027	-0.000028	-0.000259	0	NaN	NaN	NaN	NaN	NaN
244	560	1	560	1	559.9496	80.050715	-109.973165	1	-0.000031	-0.000028	-0.000269	0	NaN	NaN	NaN	NaN	NaN
245	560	1	560	1	559.9496	80.050715	-119.913375	1	-0.000037	-0.000033	-0.000232	0	NaN	NaN	NaN	NaN	NaN
246	560	1	560	1	559.9496	80.050715	-129.987011	1	-0.000025	-0.000029	-0.000248	0	NaN	NaN	NaN	NaN	NaN
247	560	1	560	1	559.9496	80.050715	-139.993933	1	-0.000034	-0.000028	-0.000258	0	NaN	NaN	NaN	NaN	NaN
248	560	1	560	1	559.9496	80.050715	-149.934143	1	-0.000039	-0.000032	-0.000267	0	NaN	NaN	NaN	NaN	NaN
249	560	1	560	1	559.9496	70.043792	150.006691	1	-0.000039	-0.000031	-0.000227	0	NaN	NaN	NaN	NaN	NaN
250	560	1	560	1	559.9496	70.043792	140.066481	1	-0.000029	-0.000035	-0.00025	0	NaN	NaN	NaN	NaN	NaN
251	560	1	560	1	559.9496	70.043792	130.059558	1	-0.000026	-0.000033	-0.000264	0	NaN	NaN	NaN	NaN	NaN
252	560	1	560	1	559.9496	70.043792	119.985922	1	-0.000025	-0.000025	-0.000242	0	NaN	NaN	NaN	NaN	NaN
253	560	1	560	1	559.9496	70.043792	110.112425	1	-0.000033	-0.000034	-0.000251	0	NaN	NaN	NaN	NaN	NaN
254	560	1	560	1	559.9496	70.043792	100.038789	1	-0.000037	-0.000033	-0.000275	0	NaN	NaN	NaN	NaN	NaN
255	560	1	560	1	559.9496	70.043792	90.031867	1	-0.000038	-0.000028	-0.000257	0	NaN	NaN	NaN	NaN	NaN
256	560	1	560	1	559.9496	70.043792	80.091657	1	-0.000036	-0.000027	-0.000244	0	NaN	NaN	NaN	NaN	NaN
257	560	1	560	1	559.9496	70.043792	70.084734	1	-0.000033	-0.000031	-0.000251	0	NaN	NaN	NaN	NaN	NaN
258	560	1	560	1	559.9496	70.043792	60.011098	1	-0.000035	-0.000039	-0.000268	0	NaN	NaN	NaN	NaN	NaN
259	560	1	560	1	559.9496	70.043792	50.004175	1	-0.000034	-0.000035	-0.000257	0	NaN	NaN	NaN	NaN	NaN
260	560	1	560	1	559.9496	70.043792	40.063965	1	-0.000032	-0.000038	-0.000227	0	NaN	NaN	NaN	NaN	NaN
261	560	1	560	1	559.9496	70.043792	30.057042	1	-0.000036	-0.000046	-0.000266	0	NaN	NaN	NaN	NaN	NaN
262	560	1	560	1	559.9496	70.043792	19.983407	1	-0.000047	-0.000037	-0.000242	0	NaN	NaN	NaN	NaN	NaN
263	560	1	560	1	559.9496	70.043792	10.109909	1	-0.000048	-0.000029	-0.00025	0	NaN	NaN	NaN	NaN	NaN
264	560	1	560	1	559.9496	70.043792	0.036274	1	-0.000042	-0.000034	-0.00026	0	NaN	NaN	NaN	NaN	NaN
265	560	1	560	1	559.9496	70.043792	-9.970649	1	-0.000038	-0.000035	-0.000275	0	NaN	NaN	NaN	NaN	NaN
266	560	1	560	1	559.9496	70.043792	-19.910859	1	-0.000035	-0.000032	-0.000263	0	NaN	NaN	NaN	NaN	NaN
267	560	1	560	1	559.9496	70.043792	-29.917782	1	-0.000036	-0.000033	-0.000235	0	NaN	NaN	NaN	NaN	NaN
268	560	1	560	1	559.9496	70.043792	-39.991418	1	-0.000034	-0.000037	-0.000262	0	NaN	NaN	NaN	NaN	NaN
269	560	1	560	1	559.9496	70.043792	-49.864915	1	-0.000035	-0.00004	-0.000277	0	NaN	NaN	NaN	NaN	NaN
270	560	1	560	1	559.9496	70.043792	-59.938551	1	-0.000035	-0.000036	-0.000223	0	NaN	NaN	NaN	NaN	NaN
271	560	1	560	1	559.9496	70.043792	-69.945473	1	-0.000037	-0.000036	-0.000272	0	NaN	NaN	NaN	NaN	NaN
272	560	1	560	1	559.9496	70.043792	-79.885683	1	-0.000035	-0.000034	-0.000254	0	NaN	NaN	NaN	NaN	NaN
273	560	1	560	1	559.9496	70.043792	-89.959319	1	-0.00003	-0.000034	-0.00028	0	NaN	NaN	NaN	NaN	NaN
274	560	1	560	1	559.9496	70.043792	-99.966242	1	-0.000033	-0.000029	-0.000251	0	NaN	NaN	NaN	NaN	NaN
275	560	1	560	1	559.9496	70.043792	-109.973165	1	-0.000032	-0.00002	-0.000273	0	NaN	NaN	NaN	NaN	NaN
276	560	1	560	1	559.9496	70.043792	-119.913375	1	-0.000036	-0.000034	-0.000251	0	NaN	NaN	NaN	NaN	NaN
277	560	1	560	1	559.9496	70.043792	-129.987011	1	-0.000036	-0.000033	-0.000287	0	NaN	NaN	NaN	NaN	NaN
278	560	1	560	1	559.9496	70.043792	-139.993933	1	-0.000038	-0.000029	-0.000245	0	NaN	NaN	NaN	NaN	NaN
279	560	1	560	1	559.9496	70.043792	-149.934143	1	-0.000037	-0.000038	-0.000289	0	NaN	NaN	NaN	NaN	NaN
280	560	1	560	1	559.9496	60.103582	150.006691	1	-0.000033	-0.000036	-0.000278	0	NaN	NaN	NaN	NaN	NaN
281	560	1	560	1	559.9496	60.103582	140.066481	1	-0.000043	-0.000032	-0.000264	0	NaN	NaN	NaN	NaN	NaN
282	560	1	560	1	559.9496	60.103582	130.059558	1	-0.00003	-0.000036	-0.000263	0	NaN	NaN	NaN	NaN	NaN
283	560	1	560	1	559.9496	60.103582	119.985922	1	-0.000032	-0.000029	-0.000262	0	NaN	NaN	NaN	NaN	NaN
284	560	1	560	1	559.9496	60.103582	110.112425	1	-0.000039	-0.000033	-0.000269	0	NaN	NaN	NaN	NaN	NaN
285	560	1	560	1	559.9496	60.103582	100.038789	1	-0.000037	-0.000034	-0.000272	0	NaN	NaN	NaN	NaN	NaN
286	560	1	560	1	559.9496	60.103582	90.031867	1	-0.000034	-0.00003	-0.000263	0	NaN	NaN	NaN	NaN	NaN
287	560	1	560	1	559.9496	60.103582	80.091657	1	-0.00003	-0.000032	-0.000253	0	NaN	NaN	NaN	NaN	NaN
288	560	1	560	1	559.9496	60.103582	70.084734	1	-0.000044	-0.000031	-0.000253	0	NaN	NaN	NaN	NaN	NaN
289	560	1	560	1	559.9496	60.103582	60.011098	1	-0.000039	-0.00003	-0.000276	0	NaN	NaN	NaN	NaN	NaN
290	560	1	560	1	559.9496	60.103582	50.004175	1	-0.000031	-0.000032	-0.000259	0	NaN	NaN	NaN	NaN	NaN
291	560	1	560	1	559.9496	60.103582	40.063965	1	-0.00004	-0.000028	-0.000233	0	NaN	NaN	NaN	NaN	NaN
292	560	1	560	1	559.9496	60.103582	30.057042	1	-0.000034	-0.000037	-0.000287	0	NaN	NaN	NaN	NaN	NaN
293	560	1	560	1	559.9496	60.103582	19.983407	1	-0.000044	-0.00003	-0.000277	0	NaN	NaN	NaN	NaN	NaN
294	560	1	560	1	559.9496	60.103582	10.109909	1	-0.000036	-0.000029	-0.000278	0	NaN	NaN	NaN	NaN	NaN
295	560	1	560	1	559.9496	60.103582	0.036274	1	-0.000039	-0.000033	-0.000278	0	NaN	NaN	NaN	NaN	NaN
296	560	1	560	1	559.9496	60.103582	-9.970649	1	-0.000035	-0.00003	-0.000249	0	NaN	NaN	NaN	NaN	NaN
297	560	1	560	1	559.9496	60.103582	-19.910859	1	-0.000034	-0.000033	-0.00026	0	NaN	NaN	NaN	NaN	NaN
298	560	1	560	1	559.9496	60.103582	-29.917782	1	-0.000038	-0.000036	-0.000271	0	NaN	NaN	NaN	NaN	NaN
299	560	1	560	1	559.9496	60.103582	-39.991418	1	-0.000033	-0.00003	-0.000255	0	NaN	NaN	NaN	NaN	NaN
300	560	1	560	1	559.9496	60.103582	-49.864915	1	-0.000026	-0.000028	-0.000237	0	NaN	NaN	NaN	NaN	NaN
301	560	1	560	1	559.9496	60.103582	-59.938551	1	-0.000036	-0.000037	-0.000239	0	NaN	NaN	NaN	NaN	NaN
302	560	1	560	1	559.9496	60.103582	-69.945473	1	-0.000028	-0.000032	-0.000284	0	NaN	NaN	NaN	NaN	NaN
303	560	1	560	1	559.9496	60.103582	-79.885683	1	-0.000035	-0.000033	-0.000258	0	NaN	NaN	NaN	NaN	NaN
304	560	1	560	1	559.9496	60.103582	-89.959319	1	-0.00003	-0.000035	-0.000257	0	NaN	NaN	NaN	NaN	NaN
305	560	1	560	1	559.9496	60.103582	-99.966242	1	-0.000033	-0.000033	-0.000273	0	NaN	NaN	NaN	NaN	NaN
306	560	1	560	1	559.9496	60.103582	-109.973165	1	-0.000033	-0.000031	-0.000258	0	NaN	NaN	NaN	NaN	NaN
307	560	1	560	1	559.9496	60.103582	-119.913375	1	-0.000025	-0.000032	-0.000275	0	NaN	NaN	NaN	NaN	NaN
308	560	1	560	1	559.9496	60.103582	-129.987011	1	-0.000032	-0.000027	-0.000267	0	NaN	NaN	NaN	NaN	NaN
309	560	1	560	1	559.9496	60.103582	-139.993933	1	-0.000031	-0.000033	-0.000228	0	NaN	NaN	NaN	NaN	NaN
310	560	1	560	1	559.9496	60.103582	-149.934143	1	-0.000032	-0.000032	-0.000272	0	NaN	NaN	NaN	NaN	NaN
311	560	1	560	1	559.9496	50.096659	150.006691	1	-0.000032	-0.00003	-0.000231	0	NaN	NaN	NaN	NaN	NaN
312	560	1	560	1	559.9496	50.096659	140.066481	1	-0.000025	-0.000034	-0.000257	0	NaN	NaN	NaN	NaN	NaN
313	560	1	560	1	559.9496	50.096659	130.059558	1	-0.000036	-0.000035	-0.00026	0	NaN	NaN	NaN	NaN	NaN
314	560	1	560	1	559.9496	50.096659	119.985922	1	-0.00003	-0.000034	-0.000269	0	NaN	NaN	NaN	NaN	NaN
315	560	1	560	1	559.9496	50.096659	110.112425	1	-0.000035	-0.000034	-0.000249	0	NaN	NaN	NaN	NaN	NaN
316	560	1	560	1	559.9496	50.096659	100.038789	1	-0.000031	-0.000034	-0.000249	0	NaN	NaN	NaN	NaN	NaN
317	560	1	560	1	559.9496	50.096659	90.031867	1	-0.000036	-0.000029	-0.000268	0	NaN	NaN	NaN	NaN	NaN
318	560	1	560	1	559.9496	50.096659	80.091657	1	-0.000037	-0.000033	-0.000253	0	NaN	NaN	NaN	NaN	NaN
319	560	1	560	1	559.9496	50.096659	70.084734	1	-0.000034	-0.000034	-0.000245	0	NaN	NaN	NaN	NaN	NaN
320	560	1	560	1	559.9496	50.096659	60.011098	1	-0.000039	-0.000029	-0.000253	0	NaN	NaN	NaN	NaN	NaN
321	560	1	560	1	559.9496	50.096659	50.004175	1	-0.000035	-0.000039	-0.00026	0	NaN	NaN	NaN	NaN	NaN
322	560	1	560	1	559.9496	50.096659	40.063965	1	-0.000039	-0.000038	-0.000269	0	NaN	NaN	NaN	NaN	NaN
323	560	1	560	1	559.9496	50.096659	30.057042	1	-0.000037	-0.000027	-0.000232	0	NaN	NaN	NaN	NaN	NaN
324	560	1	560	1	559.9496	50.096659	19.983407	1	-0.000043	-0.000036	-0.000254	0	NaN	NaN	NaN	NaN	NaN
325	560	1	560	1	559.9496	50.096659	10.109909	1	-0.000031	-0.000031	-0.000269	0	NaN	NaN	NaN	NaN	NaN
326	560	1	560	1	559.9496	50.096659	0.036274	1	-0.000044	-0.00003	-0.000269	0	NaN	NaN	NaN	NaN	NaN
327	560	1	560	1	559.9496	50.096659	-9.970649	1	-0.000042	-0.000036	-0.000237	0	NaN	NaN	NaN	NaN	NaN
328	560	1	560	1	559.9496	50.096659	-19.910859	1	-0.000028	-0.000041	-0.000267	0	NaN	NaN	NaN	NaN	NaN
329	560	1	560	1	559.9496	50.096659	-29.917782	1	-0.000024	-0.000039	-0.000249	0	NaN	NaN	NaN	NaN	NaN
330	560	1	560	1	559.9496	50.096659	-39.991418	1	-0.000025	-0.000036	-0.000282	0	NaN	NaN	NaN	NaN	NaN
331	560	1	560	1	559.9496	50.096659	-49.864915	1	-0.000025	-0.000031	-0.000271	0	NaN	NaN	NaN	NaN	NaN
332	560	1	560	1	559.9496	50.096659	-59.938551	1	-0.000026	-0.000036	-0.000245	0	NaN	NaN	NaN	NaN	NaN
333	560	1	560	1	559.9496	50.096659	-69.945473	1	-0.000035	-0.000027	-0.000248	0	NaN	NaN	NaN	NaN	NaN
334	560	1	560	1	559.9496	50.096659	-79.885683	1	-0.000037	-0.000037	-0.000289	0	NaN	NaN	NaN	NaN	NaN
335	560	1	560	1	559.9496	50.096659	-89.959319	1	-0.000025	-0.000035	-0.000275	0	NaN	NaN	NaN	NaN	NaN
336	560	1	560	1	559.9496	50.096659	-99.966242	1	-0.000032	-0.000033	-0.000275	0	NaN	NaN	NaN	NaN	NaN
337	560	1	560	1	559.9496	50.096659	-109.973165	1	-0.000031	-0.000036	-0.000304	0	NaN	NaN	NaN	NaN	NaN
338	560	1	560	1	559.9496	50.096659	-119.913375	1	-0.000032	-0.000034	-0.000268	0	NaN	NaN	NaN	NaN	NaN
339	560	1	560	1	559.9496	50.096659	-129.987011	1	-0.000029	-0.000029	-0.000226	0	NaN	NaN	NaN	NaN	NaN
340	560	1	560	1	559.9496	50.096659	-139.993933	1	-0.000022	-0.000033	-0.000217	0	NaN	NaN	NaN	NaN	NaN
341	560	1	560	1	559.9496	50.096659	-149.934143	1	-0.000037	-0.000038	-0.000282	0	NaN	NaN	NaN	NaN	NaN
342	560	1	560	1	559.9496	40.023023	150.006691	1	-0.00003	-0.000035	-0.000263	0	NaN	NaN	NaN	NaN	NaN
343	560	1	560	1	559.9496	40.023023	140.066481	1	-0.00004	-0.000033	-0.000281	0	NaN	NaN	NaN	NaN	NaN
344	560	1	560	1	559.9496	40.023023	130.059558	1	-0.000028	-0.000035	-0.000266	0	NaN	NaN	NaN	NaN	NaN
345	560	1	560	1	559.9496	40.023023	119.985922	1	-0.000029	-0.000038	-0.000244	0	NaN	NaN	NaN	NaN	NaN
346	560	1	560	1	559.9496	40.023023	110.112425	1	-0.000034	-0.000035	-0.000275	0	NaN	NaN	NaN	NaN	NaN
347	560	1	560	1	559.9496	40.023023	100.038789	1	-0.000033	-0.000031	-0.000262	0	NaN	NaN	NaN	NaN	NaN
348	560	1	560	1	559.9496	40.023023	90.031867	1	-0.000039	-0.000035	-0.000271	0	NaN	NaN	NaN	NaN	NaN
349	560	1	560	1	559.9496	40.023023	80.091657	1	-0.00004	-0.000036	-0.000285	0	NaN	NaN	NaN	NaN	NaN
350	560	1	560	1	559.9496	40.023023	70.084734	1	-0.000035	-0.000037	-0.000281	0	NaN	NaN	NaN	NaN	NaN
351	560	1	560	1	559.9496	40.023023	60.011098	1	-0.000035	-0.000034	-0.000248	0	NaN	NaN	NaN	NaN	NaN
352	560	1	560	1	559.9496	40.023023	50.004175	1	-0.000041	-0.000024	-0.000253	0	NaN	NaN	NaN	NaN	NaN
353	560	1	560	1	559.9496	40.023023	40.063965	1	-0.000036	-0.000036	-0.000277	0	NaN	NaN	NaN	NaN	NaN
354	560	1	560	1	559.9496	40.023023	30.057042	1	-0.000044	-0.000034	-0.000266	0	NaN	NaN	NaN	NaN	NaN
355	560	1	560	1	559.9496	40.023023	19.983407	1	-0.000038	-0.000037	-0.000244	0	NaN	NaN	NaN	NaN	NaN
356	560	1	560	1	559.9496	40.023023	10.109909	1	-0.000041	-0.000039	-0.000259	0	NaN	NaN	NaN	NaN	NaN
357	560	1	560	1	559.9496	40.023023	0.036274	1	-0.00004	-0.000034	-0.000257	0	NaN	NaN	NaN	NaN	NaN
358	560	1	560	1	559.9496	40.023023	-9.970649	1	-0.000037	-0.000037	-0.000272	0	NaN	NaN	NaN	NaN	NaN
359	560	1	560	1	559.9496	40.023023	-19.910859	1	-0.000038	-0.00004	-0.000253	0	NaN	NaN	NaN	NaN	NaN
360	560	1	560	1	559.9496	40.023023	-29.917782	1	-0.000036	-0.000032	-0.000241	0	NaN	NaN	NaN	NaN	NaN
361	560	1	560	1	559.9496	40.023023	-39.991418	1	-0.000038	-0.000037	-0.000272	0	NaN	NaN	NaN	NaN	NaN
362	560	1	560	1	559.9496	40.023023	-49.864915	1	-0.000031	-0.000034	-0.000253	0	NaN	NaN	NaN	NaN	NaN
363	560	1	560	1	559.9496	40.023023	-59.938551	1	-0.00004	-0.00003	-0.000285	0	NaN	NaN	NaN	NaN	NaN
364	560	1	560	1	559.9496	40.023023	-69.945473	1	-0.000036	-0.000038	-0.00028	0	NaN	NaN	NaN	NaN	NaN
365	560	1	560	1	559.9496	40.023023	-79.885683	1	-0.000029	-0.000031	-0.000257	0	NaN	NaN	NaN	NaN	NaN
366	560	1	560	1	559.9496	40.023023	-89.959319	1	-0.000034	-0.000031	-0.000246	0	NaN	NaN	NaN	NaN	NaN
367	560	1	560	1	559.9496	40.023023	-99.966242	1	-0.000031	-0.000031	-0.000245	0	NaN	NaN	NaN	NaN	NaN
368	560	1	560	1	559.9496	40.023023	-109.973165	1	-0.000037	-0.000036	-0.000251	0	NaN	NaN	NaN	NaN	NaN
369	560	1	560	1	559.9496	40.023023	-119.913375	1	-0.000034	-0.000033	-0.00025	0	NaN	NaN	NaN	NaN	NaN
370	560	1	560	1	559.9496	40.023023	-129.987011	1	-0.000037	-0.000029	-0.000214	0	NaN	NaN	NaN	NaN	NaN
371	560	1	560	1	559.9496	40.023023	-139.993933	1	-0.00004	-0.000037	-0.000248	0	NaN	NaN	NaN	NaN	NaN
372	560	1	560	1	559.9496	40.023023	-149.934143	1	-0.000029	-0.000024	-0.000254	0	NaN	NaN	NaN	NaN	NaN
373	560	1	560	1	559.9496	30.149526	150.006691	1	-0.000034	-0.000025	-0.000257	0	NaN	NaN	NaN	NaN	NaN
374	560	1	560	1	559.9496	30.149526	140.066481	1	-0.000033	-0.000036	-0.000275	0	NaN	NaN	NaN	NaN	NaN
375	560	1	560	1	559.9496	30.149526	130.059558	1	-0.000035	-0.000028	-0.000236	0	NaN	NaN	NaN	NaN	NaN
376	560	1	560	1	559.9496	30.149526	119.985922	1	-0.000034	-0.000034	-0.00026	0	NaN	NaN	NaN	NaN	NaN
377	560	1	560	1	559.9496	30.149526	110.112425	1	-0.000033	-0.000035	-0.00026	0	NaN	NaN	NaN	NaN	NaN
378	560	1	560	1	559.9496	30.149526	100.038789	1	-0.000037	-0.000038	-0.000239	0	NaN	NaN	NaN	NaN	NaN
379	560	1	560	1	559.9496	30.149526	90.031867	1	-0.000036	-0.000034	-0.000268	0	NaN	NaN	NaN	NaN	NaN
380	560	1	560	1	559.9496	30.149526	80.091657	1	-0.000038	-0.000034	-0.000298	0	NaN	NaN	NaN	NaN	NaN
381	560	1	560	1	559.9496	30.149526	70.084734	1	-0.000033	-0.000033	-0.000269	0	NaN	NaN	NaN	NaN	NaN
382	560	1	560	1	559.9496	30.149526	60.011098	1	-0.00004	-0.000038	-0.000239	0	NaN	NaN	NaN	NaN	NaN
383	560	1	560	1	559.9496	30.149526	50.004175	1	-0.000024	-0.000029	-0.000266	0	NaN	NaN	NaN	NaN	NaN
384	560	1	560	1	559.9496	30.149526	40.063965	1	-0.000041	-0.000031	-0.000239	0	NaN	NaN	NaN	NaN	NaN
385	560	1	560	1	559.9496	30.149526	30.057042	1	-0.000036	-0.000036	-0.000259	0	NaN	NaN	NaN	NaN	NaN
386	560	1	560	1	559.9496	30.149526	19.983407	1	-0.00004	-0.000041	-0.000275	0	NaN	NaN	NaN	NaN	NaN
387	560	1	560	1	559.9496	30.149526	10.109909	1	-0.000048	-0.000036	-0.000267	0	NaN	NaN	NaN	NaN	NaN
388	560	1	560	1	559.9496	30.149526	0.036274	1	-0.000035	-0.000028	-0.000251	0	NaN	NaN	NaN	NaN	NaN
389	560	1	560	1	559.9496	30.149526	-9.970649	1	-0.000043	-0.000038	-0.000269	0	NaN	NaN	NaN	NaN	NaN
390	560	1	560	1	559.9496	30.149526	-19.910859	1	-0.000036	-0.000032	-0.000272	0	NaN	NaN	NaN	NaN	NaN
391	560	1	560	1	559.9496	30.149526	-29.917782	1	-0.000039	-0.000035	-0.000264	0	NaN	NaN	NaN	NaN	NaN
392	560	1	560	1	559.9496	30.149526	-39.991418	1	-0.000035	-0.000034	-0.000251	0	NaN	NaN	NaN	NaN	NaN
393	560	1	560	1	559.9496	30.149526	-49.864915	1	-0.000033	-0.000029	-0.000291	0	NaN	NaN	NaN	NaN	NaN
394	560	1	560	1	559.9496	30.149526	-59.938551	1	-0.000035	-0.000043	-0.00026	0	NaN	NaN	NaN	NaN	NaN
395	560	1	560	1	559.9496	30.149526	-69.945473	1	-0.000033	-0.000036	-0.000246	0	NaN	NaN	NaN	NaN	NaN
396	560	1	560	1	559.9496	30.149526	-79.885683	1	-0.000025	-0.00002	-0.000246	0	NaN	NaN	NaN	NaN	NaN
397	560	1	560	1	559.9496	30.149526	-89.959319	1	-0.00004	-0.000036	-0.000271	0	NaN	NaN	NaN	NaN	NaN
398	560	1	560	1	559.9496	30.149526	-99.966242	1	-0.000035	-0.000039	-0.000249	0	NaN	NaN	NaN	NaN	NaN
399	560	1	560	1	559.9496	30.149526	-109.973165	1	-0.000036	-0.000042	-0.00021	0	NaN	NaN	NaN	NaN	NaN
400	560	1	560	1	559.9496	30.149526	-119.913375	1	-0.00003	-0.000039	-0.000269	0	NaN	NaN	NaN	NaN	NaN
401	560	1	560	1	559.9496	30.149526	-129.987011	1	-0.00003	-0.000033	-0.000253	0	NaN	NaN	NaN	NaN	NaN
402	560	1	560	1	559.9496	30.149526	-139.993933	1	-0.000025	-0.000035	-0.000263	0	NaN	NaN	NaN	NaN	NaN
403	560	1	560	1	559.9496	30.149526	-149.934143	1	-0.000037	-0.000034	-0.000248	0	NaN	NaN	NaN	NaN	NaN
404	560	1	560	1	559.9496	20.07589	150.006691	1	-0.000031	-0.00003	-0.000249	0	NaN	NaN	NaN	NaN	NaN
405	560	1	560	1	559.9496	20.07589	140.066481	1	-0.000027	-0.000029	-0.000264	0	NaN	NaN	NaN	NaN	NaN
406	560	1	560	1	559.9496	20.07589	130.059558	1	-0.000029	-0.000037	-0.00026	0	NaN	NaN	NaN	NaN	NaN
407	560	1	560	1	559.9496	20.07589	119.985922	1	-0.00003	-0.000026	-0.000259	0	NaN	NaN	NaN	NaN	NaN
408	560	1	560	1	559.9496	20.07589	110.112425	1	-0.000036	-0.00003	-0.000284	0	NaN	NaN	NaN	NaN	NaN
409	560	1	560	1	559.9496	20.07589	100.038789	1	-0.000037	-0.000041	-0.000237	0	NaN	NaN	NaN	NaN	NaN
410	560	1	560	1	559.9496	20.07589	90.031867	1	-0.000037	-0.000026	-0.000241	0	NaN	NaN	NaN	NaN	NaN
411	560	1	560	1	559.9496	20.07589	80.091657	1	-0.000032	-0.000032	-0.000236	0	NaN	NaN	NaN	NaN	NaN
412	560	1	560	1	559.9496	20.07589	70.084734	1	-0.000036	-0.000035	-0.000264	0	NaN	NaN	NaN	NaN	NaN
413	560	1	560	1	559.9496	20.07589	60.011098	1	-0.000036	-0.000041	-0.000268	0	NaN	NaN	NaN	NaN	NaN
414	560	1	560	1	559.9496	20.07589	50.004175	1	-0.000038	-0.000037	-0.000277	0	NaN	NaN	NaN	NaN	NaN
415	560	1	560	1	559.9496	20.07589	40.063965	1	-0.000047	-0.000023	-0.000262	0	NaN	NaN	NaN	NaN	NaN
416	560	1	560	1	559.9496	20.07589	30.057042	1	-0.000048	-0.000042	-0.000258	0	NaN	NaN	NaN	NaN	NaN
417	560	1	560	1	559.9496	20.07589	19.983407	1	-0.000047	-0.000028	-0.000217	0	NaN	NaN	NaN	NaN	NaN
418	560	1	560	1	559.9496	20.07589	10.109909	1	-0.000043	-0.000033	-0.000251	0	NaN	NaN	NaN	NaN	NaN
419	560	1	560	1	559.9496	20.07589	0.036274	1	-0.00004	-0.000038	-0.000258	0	NaN	NaN	NaN	NaN	NaN
420	560	1	560	1	559.9496	20.07589	-9.970649	1	-0.000038	-0.000032	-0.000248	0	NaN	NaN	NaN	NaN	NaN
421	560	1	560	1	559.9496	20.07589	-19.910859	1	-0.000035	-0.000036	-0.000269	0	NaN	NaN	NaN	NaN	NaN
422	560	1	560	1	559.9496	20.07589	-29.917782	1	-0.000035	-0.000036	-0.000233	0	NaN	NaN	NaN	NaN	NaN
423	560	1	560	1	559.9496	20.07589	-39.991418	1	-0.000036	-0.000036	-0.000262	0	NaN	NaN	NaN	NaN	NaN
424	560	1	560	1	559.9496	20.07589	-49.864915	1	-0.00003	-0.000037	-0.00022	0	NaN	NaN	NaN	NaN	NaN
425	560	1	560	1	559.9496	20.07589	-59.938551	1	-0.000043	-0.000034	-0.000269	0	NaN	NaN	NaN	NaN	NaN
426	560	1	560	1	559.9496	20.07589	-69.945473	1	-0.000045	-0.000034	-0.00026	0	NaN	NaN	NaN	NaN	NaN
427	560	1	560	1	559.9496	20.07589	-79.885683	1	-0.000038	-0.000039	-0.000264	0	NaN	NaN	NaN	NaN	NaN
428	560	1	560	1	559.9496	20.07589	-89.959319	1	-0.000033	-0.000029	-0.000251	0	NaN	NaN	NaN	NaN	NaN
429	560	1	560	1	559.9496	20.07589	-99.966242	1	-0.000028	-0.000033	-0.000254	0	NaN	NaN	NaN	NaN	NaN
430	560	1	560	1	559.9496	20.07589	-109.973165	1	-0.000033	-0.000034	-0.000254	0	NaN	NaN	NaN	NaN	NaN
431	560	1	560	1	559.9496	20.07589	-119.913375	1	-0.000028	-0.00003	-0.000272	0	NaN	NaN	NaN	NaN	NaN
432	560	1	560	1	559.9496	20.07589	-129.987011	1	-0.000036	-0.000034	-0.000228	0	NaN	NaN	NaN	NaN	NaN
433	560	1	560	1	559.9496	20.07589	-139.993933	1	-0.000032	-0.000034	-0.000267	0	NaN	NaN	NaN	NaN	NaN
434	560	1	560	1	559.9496	20.07589	-149.934143	1	-0.000034	-0.000031	-0.00026	0	NaN	NaN	NaN	NaN	NaN
435	560	1	560	1	559.9496	10.068967	150.006691	1	-0.000034	-0.000037	-0.000255	0	NaN	NaN	NaN	NaN	NaN
436	560	1	560	1	559.9496	10.068967	140.066481	1	-0.00003	-0.000035	-0.000244	0	NaN	NaN	NaN	NaN	NaN
437	560	1	560	1	559.9496	10.068967	130.059558	1	-0.000046	-0.000032	-0.000269	0	NaN	NaN	NaN	NaN	NaN
438	560	1	560	1	559.9496	10.068967	119.985922	1	-0.000038	-0.000033	-0.000244	0	NaN	NaN	NaN	NaN	NaN
439	560	1	560	1	559.9496	10.068967	110.112425	1	-0.000039	-0.00003	-0.000242	0	NaN	NaN	NaN	NaN	NaN
440	560	1	560	1	559.9496	10.068967	100.038789	1	-0.000035	-0.000034	-0.000239	0	NaN	NaN	NaN	NaN	NaN
441	560	1	560	1	559.9496	10.068967	90.031867	1	-0.000034	-0.000037	-0.000249	0	NaN	NaN	NaN	NaN	NaN
442	560	1	560	1	559.9496	10.068967	80.091657	1	-0.000038	-0.000036	-0.00024	0	NaN	NaN	NaN	NaN	NaN
443	560	1	560	1	559.9496	10.068967	70.084734	1	-0.000041	-0.000034	-0.000251	0	NaN	NaN	NaN	NaN	NaN
444	560	1	560	1	559.9496	10.068967	60.011098	1	-0.000037	-0.00003	-0.00024	0	NaN	NaN	NaN	NaN	NaN
445	560	1	560	1	559.9496	10.068967	50.004175	1	-0.000039	-0.000035	-0.000278	0	NaN	NaN	NaN	NaN	NaN
446	560	1	560	1	559.9496	10.068967	40.063965	1	-0.000039	-0.000029	-0.000241	0	NaN	NaN	NaN	NaN	NaN
447	560	1	560	1	559.9496	10.068967	30.057042	1	-0.000036	-0.000037	-0.000249	0	NaN	NaN	NaN	NaN	NaN
448	560	1	560	1	559.9496	10.068967	19.983407	1	-0.000051	-0.000034	-0.000249	0	NaN	NaN	NaN	NaN	NaN
449	560	1	560	1	559.9496	10.068967	10.109909	1	-0.000045	-0.000034	-0.00028	0	NaN	NaN	NaN	NaN	NaN
450	560	1	560	1	559.9496	10.068967	0.036274	1	-0.000044	-0.000036	-0.000228	0	NaN	NaN	NaN	NaN	NaN
451	560	1	560	1	559.9496	10.068967	-9.970649	1	-0.000045	-0.000027	-0.000277	0	NaN	NaN	NaN	NaN	NaN
452	560	1	560	1	559.9496	10.068967	-19.910859	1	-0.000039	-0.000034	-0.000268	0	NaN	NaN	NaN	NaN	NaN
453	560	1	560	1	559.9496	10.068967	-29.917782	1	-0.000037	-0.000036	-0.000269	0	NaN	NaN	NaN	NaN	NaN
454	560	1	560	1	559.9496	10.068967	-39.991418	1	-0.000034	-0.00003	-0.00028	0	NaN	NaN	NaN	NaN	NaN
455	560	1	560	1	559.9496	10.068967	-49.864915	1	-0.00004	-0.000034	-0.000266	0	NaN	NaN	NaN	NaN	NaN
456	560	1	560	1	559.9496	10.068967	-59.938551	1	-0.000025	-0.000039	-0.00026	0	NaN	NaN	NaN	NaN	NaN
457	560	1	560	1	559.9496	10.068967	-69.945473	1	-0.000036	-0.00003	-0.000254	0	NaN	NaN	NaN	NaN	NaN
458	560	1	560	1	559.9496	10.068967	-79.885683	1	-0.000018	-0.00004	-0.000246	0	NaN	NaN	NaN	NaN	NaN
459	560	1	560	1	559.9496	10.068967	-89.959319	1	-0.000034	-0.000026	-0.000219	0	NaN	NaN	NaN	NaN	NaN
460	560	1	560	1	559.9496	10.068967	-99.966242	1	-0.000027	-0.000031	-0.000246	0	NaN	NaN	NaN	NaN	NaN
461	560	1	560	1	559.9496	10.068967	-109.973165	1	-0.000033	-0.000032	-0.000233	0	NaN	NaN	NaN	NaN	NaN
462	560	1	560	1	559.9496	10.068967	-119.913375	1	-0.000031	-0.000038	-0.000249	0	NaN	NaN	NaN	NaN	NaN
463	560	1	560	1	559.9496	10.068967	-129.987011	1	-0.000029	-0.000042	-0.000259	0	NaN	NaN	NaN	NaN	NaN
464	560	1	560	1	559.9496	10.068967	-139.993933	1	-0.000033	-0.000038	-0.000227	0	NaN	NaN	NaN	NaN	NaN
465	560	1	560	1	559.9496	10.068967	-149.934143	1	-0.00003	-0.000026	-0.00024	0	NaN	NaN	NaN	NaN	NaN
466	560	1	560	1	559.9496	-0.004668	150.006691	1	-0.000038	-0.000038	-0.000291	0	NaN	NaN	NaN	NaN	NaN
467	560	1	560	1	559.9496	-0.004668	140.066481	1	-0.000034	-0.000036	-0.000257	0	NaN	NaN	NaN	NaN	NaN
468	560	1	560	1	559.9496	-0.004668	130.059558	1	-0.000036	-0.000028	-0.00024	0	NaN	NaN	NaN	NaN	NaN
469	560	1	560	1	559.9496	-0.004668	119.985922	1	-0.000025	-0.000033	-0.000242	0	NaN	NaN	NaN	NaN	NaN
470	560	1	560	1	559.9496	-0.004668	110.112425	1	-0.000036	-0.000035	-0.000291	0	NaN	NaN	NaN	NaN	NaN
471	560	1	560	1	559.9496	-0.004668	100.038789	1	-0.000025	-0.000038	-0.000239	0	NaN	NaN	NaN	NaN	NaN
472	560	1	560	1	559.9496	-0.004668	90.031867	1	-0.000036	-0.000023	-0.000263	0	NaN	NaN	NaN	NaN	NaN
473	560	1	560	1	559.9496	-0.004668	80.091657	1	-0.00003	-0.000039	-0.000276	0	NaN	NaN	NaN	NaN	NaN
474	560	1	560	1	559.9496	-0.004668	70.084734	1	-0.000035	-0.000022	-0.000263	0	NaN	NaN	NaN	NaN	NaN
475	560	1	560	1	559.9496	-0.004668	60.011098	1	-0.000034	-0.000032	-0.000249	0	NaN	NaN	NaN	NaN	NaN
476	560	1	560	1	559.9496	-0.004668	50.004175	1	-0.000034	-0.000038	-0.000263	0	NaN	NaN	NaN	NaN	NaN
477	560	1	560	1	559.9496	-0.004668	40.063965	1	-0.000041	-0.000035	-0.000232	0	NaN	NaN	NaN	NaN	NaN
478	560	1	560	1	559.9496	-0.004668	30.057042	1	-0.000038	-0.000035	-0.000276	0	NaN	NaN	NaN	NaN	NaN
479	560	1	560	1	559.9496	-0.004668	19.983407	1	-0.000035	-0.000039	-0.000285	0	NaN	NaN	NaN	NaN	NaN
480	560	1	560	1	559.9496	-0.004668	10.109909	1	-0.000041	-0.000038	-0.000263	0	NaN	NaN	NaN	NaN	NaN
481	560	1	560	1	559.9496	-0.004668	0.036274	1	-0.000044	-0.000031	-0.000246	0	NaN	NaN	NaN	NaN	NaN
482	560	1	560	1	559.9496	-0.004668	-9.970649	1	-0.000044	-0.000036	-0.000258	0	NaN	NaN	NaN	NaN	NaN
483	560	1	560	1	559.9496	-0.004668	-19.910859	1	-0.00004	-0.000035	-0.000228	0	NaN	NaN	NaN	NaN	NaN
484	560	1	560	1	559.9496	-0.004668	-29.917782	1	-0.000039	-0.00004	-0.000281	0	NaN	NaN	NaN	NaN	NaN
485	560	1	560	1	559.9496	-0.004668	-39.991418	1	-0.00004	-0.000031	-0.000271	0	NaN	NaN	NaN	NaN	NaN
486	560	1	560	1	559.9496	-0.004668	-49.864915	1	-0.000036	-0.000031	-0.000253	0	NaN	NaN	NaN	NaN	NaN
487	560	1	560	1	559.9496	-0.004668	-59.938551	1	-0.000044	-0.000038	-0.000278	0	NaN	NaN	NaN	NaN	NaN
488	560	1	560	1	559.9496	-0.004668	-69.945473	1	-0.000034	-0.00003	-0.000253	0	NaN	NaN	NaN	NaN	NaN
489	560	1	560	1	559.9496	-0.004668	-79.885683	1	-0.000028	-0.00003	-0.000251	0	NaN	NaN	NaN	NaN	NaN
490	560	1	560	1	559.9496	-0.004668	-89.959319	1	-0.000029	-0.00004	-0.000271	0	NaN	NaN	NaN	NaN	NaN
491	560	1	560	1	559.9496	-0.004668	-99.966242	1	-0.000031	-0.000031	-0.000282	0	NaN	NaN	NaN	NaN	NaN
492	560	1	560	1	559.9496	-0.004668	-109.973165	1	-0.000036	-0.00003	-0.000268	0	NaN	NaN	NaN	NaN	NaN
493	560	1	560	1	559.9496	-0.004668	-119.913375	1	-0.000028	-0.00004	-0.000244	0	NaN	NaN	NaN	NaN	NaN
494	560	1	560	1	559.9496	-0.004668	-129.987011	1	-0.00003	-0.000036	-0.000235	0	NaN	NaN	NaN	NaN	NaN
495	560	1	560	1	559.9496	-0.004668	-139.993933	1	-0.000026	-0.000031	-0.000269	0	NaN	NaN	NaN	NaN	NaN
496	560	1	560	1	559.9496	-0.004668	-149.934143	1	-0.000034	-0.000039	-0.00028	0	NaN	NaN	NaN	NaN	NaN
497	560	1	560	1	559.9496	-9.878165	150.006691	1	-0.000034	-0.00003	-0.00025	0	NaN	NaN	NaN	NaN	NaN
498	560	1	560	1	559.9496	-9.878165	140.066481	1	-0.000032	-0.000036	-0.000257	0	NaN	NaN	NaN	NaN	NaN
499	560	1	560	1	559.9496	-9.878165	130.059558	1	-0.000022	-0.000037	-0.000262	0	NaN	NaN	NaN	NaN	NaN
500	560	1	560	1	559.9496	-9.878165	119.985922	1	-0.00004	-0.000029	-0.000253	0	NaN	NaN	NaN	NaN	NaN
501	560	1	560	1	559.9496	-9.878165	110.112425	1	-0.000028	-0.000032	-0.000273	0	NaN	NaN	NaN	NaN	NaN
502	560	1	560	1	559.9496	-9.878165	100.038789	1	-0.000029	-0.00004	-0.000278	0	NaN	NaN	NaN	NaN	NaN
503	560	1	560	1	559.9496	-9.878165	90.031867	1	-0.000031	-0.000038	-0.000273	0	NaN	NaN	NaN	NaN	NaN
504	560	1	560	1	559.9496	-9.878165	80.091657	1	-0.00003	-0.000027	-0.000255	0	NaN	NaN	NaN	NaN	NaN
505	560	1	560	1	559.9496	-9.878165	70.084734	1	-0.000035	-0.000033	-0.000236	0	NaN	NaN	NaN	NaN	NaN
506	560	1	560	1	559.9496	-9.878165	60.011098	1	-0.000032	-0.00003	-0.000245	0	NaN	NaN	NaN	NaN	NaN
507	560	1	560	1	559.9496	-9.878165	50.004175	1	-0.000035	-0.000038	-0.000246	0	NaN	NaN	NaN	NaN	NaN
508	560	1	560	1	559.9496	-9.878165	40.063965	1	-0.000029	-0.000032	-0.000241	0	NaN	NaN	NaN	NaN	NaN
509	560	1	560	1	559.9496	-9.878165	30.057042	1	-0.000044	-0.00004	-0.000257	0	NaN	NaN	NaN	NaN	NaN
510	560	1	560	1	559.9496	-9.878165	19.983407	1	-0.00003	-0.000038	-0.000246	0	NaN	NaN	NaN	NaN	NaN
511	560	1	560	1	559.9496	-9.878165	10.109909	1	-0.000038	-0.000028	-0.000289	0	NaN	NaN	NaN	NaN	NaN
512	560	1	560	1	559.9496	-9.878165	0.036274	1	-0.00004	-0.000034	-0.000237	0	NaN	NaN	NaN	NaN	NaN
513	560	1	560	1	559.9496	-9.878165	-9.970649	1	-0.000041	-0.000037	-0.00026	0	NaN	NaN	NaN	NaN	NaN
514	560	1	560	1	559.9496	-9.878165	-19.910859	1	-0.000032	-0.000037	-0.000255	0	NaN	NaN	NaN	NaN	NaN
515	560	1	560	1	559.9496	-9.878165	-29.917782	1	-0.00004	-0.00004	-0.000272	0	NaN	NaN	NaN	NaN	NaN
516	560	1	560	1	559.9496	-9.878165	-39.991418	1	-0.000037	-0.000037	-0.000272	0	NaN	NaN	NaN	NaN	NaN
517	560	1	560	1	559.9496	-9.878165	-49.864915	1	-0.000035	-0.000039	-0.000267	0	NaN	NaN	NaN	NaN	NaN
518	560	1	560	1	559.9496	-9.878165	-59.938551	1	-0.000035	-0.000018	-0.000237	0	NaN	NaN	NaN	NaN	NaN
519	560	1	560	1	559.9496	-9.878165	-69.945473	1	-0.000029	-0.000032	-0.00026	0	NaN	NaN	NaN	NaN	NaN
520	560	1	560	1	559.9496	-9.878165	-79.885683	1	-0.000033	-0.000028	-0.00024	0	NaN	NaN	NaN	NaN	NaN
521	560	1	560	1	559.9496	-9.878165	-89.959319	1	-0.000032	-0.000032	-0.000263	0	NaN	NaN	NaN	NaN	NaN
522	560	1	560	1	559.9496	-9.878165	-99.966242	1	-0.000029	-0.000032	-0.000266	0	NaN	NaN	NaN	NaN	NaN
523	560	1	560	1	559.9496	-9.878165	-109.973165	1	-0.00004	-0.000038	-0.000248	0	NaN	NaN	NaN	NaN	NaN
524	560	1	560	1	559.9496	-9.878165	-119.913375	1	-0.000032	-0.000035	-0.00024	0	NaN	NaN	NaN	NaN	NaN
525	560	1	560	1	559.9496	-9.878165	-129.987011	1	-0.000033	-0.000036	-0.000278	0	NaN	NaN	NaN	NaN	NaN
526	560	1	560	1	559.9496	-9.878165	-139.993933	1	-0.000041	-0.000033	-0.000272	0	NaN	NaN	NaN	NaN	NaN
527	560	1	560	1	559.9496	-9.878165	-149.934143	1	-0.000035	-0.000032	-0.000273	0	NaN	NaN	NaN	NaN	NaN
528	560	1	560	1	559.9496	-19.951801	150.006691	1	-0.000031	-0.000042	-0.000273	0	NaN	NaN	NaN	NaN	NaN
529	560	1	560	1	559.9496	-19.951801	140.066481	1	-0.000029	-0.000035	-0.000217	0	NaN	NaN	NaN	NaN	NaN
530	560	1	560	1	559.9496	-19.951801	130.059558	1	-0.000029	-0.00003	-0.000231	0	NaN	NaN	NaN	NaN	NaN
531	560	1	560	1	559.9496	-19.951801	119.985922	1	-0.000036	-0.000032	-0.000259	0	NaN	NaN	NaN	NaN	NaN
532	560	1	560	1	559.9496	-19.951801	110.112425	1	-0.000034	-0.000039	-0.000281	0	NaN	NaN	NaN	NaN	NaN
533	560	1	560	1	559.9496	-19.951801	100.038789	1	-0.000041	-0.00004	-0.000257	0	NaN	NaN	NaN	NaN	NaN
534	560	1	560	1	559.9496	-19.951801	90.031867	1	-0.00003	-0.00004	-0.000259	0	NaN	NaN	NaN	NaN	NaN
535	560	1	560	1	559.9496	-19.951801	80.091657	1	-0.000033	-0.000026	-0.000232	0	NaN	NaN	NaN	NaN	NaN
536	560	1	560	1	559.9496	-19.951801	70.084734	1	-0.000044	-0.000036	-0.000299	0	NaN	NaN	NaN	NaN	NaN
537	560	1	560	1	559.9496	-19.951801	60.011098	1	-0.000034	-0.000037	-0.00025	0	NaN	NaN	NaN	NaN	NaN
538	560	1	560	1	559.9496	-19.951801	50.004175	1	-0.000031	-0.00003	-0.000254	0	NaN	NaN	NaN	NaN	NaN
539	560	1	560	1	559.9496	-19.951801	40.063965	1	-0.000034	-0.000035	-0.000249	0	NaN	NaN	NaN	NaN	NaN
540	560	1	560	1	559.9496	-19.951801	30.057042	1	-0.000034	-0.000034	-0.000231	0	NaN	NaN	NaN	NaN	NaN
541	560	1	560	1	559.9496	-19.951801	19.983407	1	-0.000031	-0.000036	-0.00026	0	NaN	NaN	NaN	NaN	NaN
542	560	1	560	1	559.9496	-19.951801	10.109909	1	-0.000027	-0.000035	-0.000235	0	NaN	NaN	NaN	NaN	NaN
543	560	1	560	1	559.9496	-19.951801	0.036274	1	-0.000042	-0.000035	-0.000267	0	NaN	NaN	NaN	NaN	NaN
544	560	1	560	1	559.9496	-19.951801	-9.970649	1	-0.000038	-0.000037	-0.000255	0	NaN	NaN	NaN	NaN	NaN
545	560	1	560	1	559.9496	-19.951801	-19.910859	1	-0.000048	-0.00004	-0.000246	0	NaN	NaN	NaN	NaN	NaN
546	560	1	560	1	559.9496	-19.951801	-29.917782	1	-0.000053	-0.000032	-0.000263	0	NaN	NaN	NaN	NaN	NaN
547	560	1	560	1	559.9496	-19.951801	-39.991418	1	-0.000038	-0.000039	-0.000262	0	NaN	NaN	NaN	NaN	NaN
548	560	1	560	1	559.9496	-19.951801	-49.864915	1	-0.000043	-0.000032	-0.000253	0	NaN	NaN	NaN	NaN	NaN
549	560	1	560	1	559.9496	-19.951801	-59.938551	1	-0.000037	-0.000029	-0.000246	0	NaN	NaN	NaN	NaN	NaN
550	560	1	560	1	559.9496	-19.951801	-69.945473	1	-0.000035	-0.000037	-0.000272	0	NaN	NaN	NaN	NaN	NaN
551	560	1	560	1	559.9496	-19.951801	-79.885683	1	-0.000032	-0.000036	-0.000264	0	NaN	NaN	NaN	NaN	NaN
552	560	1	560	1	559.9496	-19.951801	-89.959319	1	-0.000034	-0.000035	-0.000275	0	NaN	NaN	NaN	NaN	NaN
553	560	1	560	1	559.9496	-19.951801	-99.966242	1	-0.000039	-0.000031	-0.00028	0	NaN	NaN	NaN	NaN	NaN
554	560	1	560	1	559.9496	-19.951801	-109.973165	1	-0.000038	-0.000029	-0.000254	0	NaN	NaN	NaN	NaN	NaN
555	560	1	560	1	559.9496	-19.951801	-119.913375	1	-0.000029	-0.000034	-0.000281	0	NaN	NaN	NaN	NaN	NaN
556	560	1	560	1	559.9496	-19.951801	-129.987011	1	-0.000036	-0.00003	-0.000267	0	NaN	NaN	NaN	NaN	NaN
557	560	1	560	1	559.9496	-19.951801	-139.993933	1	-0.000034	-0.000037	-0.000285	0	NaN	NaN	NaN	NaN	NaN
558	560	1	560	1	559.9496	-19.951801	-149.934143	1	-0.000035	-0.000033	-0.000289	0	NaN	NaN	NaN	NaN	NaN
559	560	1	560	1	559.9496	-29.958724	150.006691	1	-0.000031	-0.000035	-0.000278	0	NaN	NaN	NaN	NaN	NaN
560	560	1	560	1	559.9496	-29.958724	140.066481	1	-0.000033	-0.000037	-0.000235	0	NaN	NaN	NaN	NaN	NaN
561	560	1	560	1	559.9496	-29.958724	130.059558	1	-0.000027	-0.000035	-0.000281	0	NaN	NaN	NaN	NaN	NaN
562	560	1	560	1	559.9496	-29.958724	119.985922	1	-0.000042	-0.000033	-0.00029	0	NaN	NaN	NaN	NaN	NaN
563	560	1	560	1	559.9496	-29.958724	110.112425	1	-0.000038	-0.000028	-0.000275	0	NaN	NaN	NaN	NaN	NaN
564	560	1	560	1	559.9496	-29.958724	100.038789	1	-0.000035	-0.00003	-0.000231	0	NaN	NaN	NaN	NaN	NaN
565	560	1	560	1	559.9496	-29.958724	90.031867	1	-0.000039	-0.000032	-0.000214	0	NaN	NaN	NaN	NaN	NaN
566	560	1	560	1	559.9496	-29.958724	80.091657	1	-0.000033	-0.000032	-0.00025	0	NaN	NaN	NaN	NaN	NaN
567	560	1	560	1	559.9496	-29.958724	70.084734	1	-0.000033	-0.000032	-0.000226	0	NaN	NaN	NaN	NaN	NaN
568	560	1	560	1	559.9496	-29.958724	60.011098	1	-0.000034	-0.000035	-0.000242	0	NaN	NaN	NaN	NaN	NaN
569	560	1	560	1	559.9496	-29.958724	50.004175	1	-0.000036	-0.000032	-0.000258	0	NaN	NaN	NaN	NaN	NaN
570	560	1	560	1	559.9496	-29.958724	40.063965	1	-0.000027	-0.000038	-0.000257	0	NaN	NaN	NaN	NaN	NaN
571	560	1	560	1	559.9496	-29.958724	30.057042	1	-0.000038	-0.000028	-0.000266	0	NaN	NaN	NaN	NaN	NaN
572	560	1	560	1	559.9496	-29.958724	19.983407	1	-0.000036	-0.00004	-0.000275	0	NaN	NaN	NaN	NaN	NaN
573	560	1	560	1	559.9496	-29.958724	10.109909	1	-0.000036	-0.000037	-0.000271	0	NaN	NaN	NaN	NaN	NaN
574	560	1	560	1	559.9496	-29.958724	0.036274	1	-0.000036	-0.000038	-0.000272	0	NaN	NaN	NaN	NaN	NaN
575	560	1	560	1	559.9496	-29.958724	-9.970649	1	-0.000034	-0.000034	-0.00025	0	NaN	NaN	NaN	NaN	NaN
576	560	1	560	1	559.9496	-29.958724	-19.910859	1	-0.000043	-0.000036	-0.000262	0	NaN	NaN	NaN	NaN	NaN
577	560	1	560	1	559.9496	-29.958724	-29.917782	1	-0.000035	-0.000045	-0.000289	0	NaN	NaN	NaN	NaN	NaN
578	560	1	560	1	559.9496	-29.958724	-39.991418	1	-0.000034	-0.000039	-0.000254	0	NaN	NaN	NaN	NaN	NaN
579	560	1	560	1	559.9496	-29.958724	-49.864915	1	-0.000041	-0.00003	-0.000285	0	NaN	NaN	NaN	NaN	NaN
580	560	1	560	1	559.9496	-29.958724	-59.938551	1	-0.000044	-0.000041	-0.000242	0	NaN	NaN	NaN	NaN	NaN
581	560	1	560	1	559.9496	-29.958724	-69.945473	1	-0.000034	-0.000029	-0.000267	0	NaN	NaN	NaN	NaN	NaN
582	560	1	560	1	559.9496	-29.958724	-79.885683	1	-0.000037	-0.000034	-0.000273	0	NaN	NaN	NaN	NaN	NaN
583	560	1	560	1	559.9496	-29.958724	-89.959319	1	-0.00004	-0.000029	-0.00029	0	NaN	NaN	NaN	NaN	NaN
584	560	1	560	1	559.9496	-29.958724	-99.966242	1	-0.000038	-0.00003	-0.000258	0	NaN	NaN	NaN	NaN	NaN
585	560	1	560	1	559.9496	-29.958724	-109.973165	1	-0.000038	-0.000028	-0.000251	0	NaN	NaN	NaN	NaN	NaN
586	560	1	560	1	559.9496	-29.958724	-119.913375	1	-0.000028	-0.000037	-0.000275	0	NaN	NaN	NaN	NaN	NaN
587	560	1	560	1	559.9496	-29.958724	-129.987011	1	-0.000033	-0.000029	-0.000239	0	NaN	NaN	NaN	NaN	NaN
588	560	1	560	1	559.9496	-29.958724	-139.993933	1	-0.000036	-0.000036	-0.000259	0	NaN	NaN	NaN	NaN	NaN
589	560	1	560	1	559.9496	-29.958724	-149.934143	1	-0.000032	-0.000034	-0.000263	0	NaN	NaN	NaN	NaN	NaN
590	560	1	560	1	559.9496	-39.898934	150.006691	1	-0.00004	-0.00003	-0.000259	0	NaN	NaN	NaN	NaN	NaN
591	560	1	560	1	559.9496	-39.898934	140.066481	1	-0.000031	-0.000031	-0.000248	0	NaN	NaN	NaN	NaN	NaN
592	560	1	560	1	559.9496	-39.898934	130.059558	1	-0.000037	-0.000037	-0.000281	0	NaN	NaN	NaN	NaN	NaN
593	560	1	560	1	559.9496	-39.898934	119.985922	1	-0.000035	-0.000035	-0.000277	0	NaN	NaN	NaN	NaN	NaN
594	560	1	560	1	559.9496	-39.898934	110.112425	1	-0.000027	-0.000038	-0.000272	0	NaN	NaN	NaN	NaN	NaN
595	560	1	560	1	559.9496	-39.898934	100.038789	1	-0.000036	-0.000032	-0.000268	0	NaN	NaN	NaN	NaN	NaN
596	560	1	560	1	559.9496	-39.898934	90.031867	1	-0.000031	-0.000032	-0.000237	0	NaN	NaN	NaN	NaN	NaN
597	560	1	560	1	559.9496	-39.898934	80.091657	1	-0.000039	-0.000027	-0.000241	0	NaN	NaN	NaN	NaN	NaN
598	560	1	560	1	559.9496	-39.898934	70.084734	1	-0.000053	-0.000036	-0.000241	0	NaN	NaN	NaN	NaN	NaN
599	560	1	560	1	559.9496	-39.898934	60.011098	1	-0.000042	-0.000037	-0.000284	0	NaN	NaN	NaN	NaN	NaN
600	560	1	560	1	559.9496	-39.898934	50.004175	1	-0.000036	-0.000035	-0.000268	0	NaN	NaN	NaN	NaN	NaN
601	560	1	560	1	559.9496	-39.898934	40.063965	1	-0.00002	-0.000037	-0.000273	0	NaN	NaN	NaN	NaN	NaN
602	560	1	560	1	559.9496	-39.898934	30.057042	1	-0.000032	-0.00003	-0.000249	0	NaN	NaN	NaN	NaN	NaN
603	560	1	560	1	559.9496	-39.898934	19.983407	1	-0.000042	-0.00004	-0.000224	0	NaN	NaN	NaN	NaN	NaN
604	560	1	560	1	559.9496	-39.898934	10.109909	1	-0.000027	-0.00003	-0.000251	0	NaN	NaN	NaN	NaN	NaN
605	560	1	560	1	559.9496	-39.898934	0.036274	1	-0.000035	-0.000035	-0.000245	0	NaN	NaN	NaN	NaN	NaN
606	560	1	560	1	559.9496	-39.898934	-9.970649	1	-0.000033	-0.000036	-0.000259	0	NaN	NaN	NaN	NaN	NaN
607	560	1	560	1	559.9496	-39.898934	-19.910859	1	-0.000038	-0.000029	-0.000273	0	NaN	NaN	NaN	NaN	NaN
608	560	1	560	1	559.9496	-39.898934	-29.917782	1	-0.000031	-0.000032	-0.000253	0	NaN	NaN	NaN	NaN	NaN
609	560	1	560	1	559.9496	-39.898934	-39.991418	1	-0.000037	-0.000032	-0.000264	0	NaN	NaN	NaN	NaN	NaN
610	560	1	560	1	559.9496	-39.898934	-49.864915	1	-0.000036	-0.000028	-0.000229	0	NaN	NaN	NaN	NaN	NaN
611	560	1	560	1	559.9496	-39.898934	-59.938551	1	-0.000036	-0.000037	-0.000269	0	NaN	NaN	NaN	NaN	NaN
612	560	1	560	1	559.9496	-39.898934	-69.945473	1	-0.000041	-0.000035	-0.000259	0	NaN	NaN	NaN	NaN	NaN
613	560	1	560	1	559.9496	-39.898934	-79.885683	1	-0.000038	-0.000036	-0.000255	0	NaN	NaN	NaN	NaN	NaN
614	560	1	560	1	559.9496	-39.898934	-89.959319	1	-0.000035	-0.000034	-0.000281	0	NaN	NaN	NaN	NaN	NaN
615	560	1	560	1	559.9496	-39.898934	-99.966242	1	-0.00004	-0.000043	-0.00024	0	NaN	NaN	NaN	NaN	NaN
616	560	1	560	1	559.9496	-39.898934	-109.973165	1	-0.000036	-0.000036	-0.000277	0	NaN	NaN	NaN	NaN	NaN
617	560	1	560	1	559.9496	-39.898934	-119.913375	1	-0.000039	-0.000038	-0.000239	0	NaN	NaN	NaN	NaN	NaN
618	560	1	560	1	559.9496	-39.898934	-129.987011	1	-0.00003	-0.000038	-0.000287	0	NaN	NaN	NaN	NaN	NaN
619	560	1	560	1	559.9496	-39.898934	-139.993933	1	-0.000033	-0.000033	-0.00026	0	NaN	NaN	NaN	NaN	NaN
620	560	1	560	1	559.9496	-39.898934	-149.934143	1	-0.000025	-0.000037	-0.000257	0	NaN	NaN	NaN	NaN	NaN
621	560	1	560	1	559.9496	-49.905857	150.006691	1	-0.000034	-0.00003	-0.000289	0	NaN	NaN	NaN	NaN	NaN
622	560	1	560	1	559.9496	-49.905857	140.066481	1	-0.00003	-0.000034	-0.000282	0	NaN	NaN	NaN	NaN	NaN
623	560	1	560	1	559.9496	-49.905857	130.059558	1	-0.00003	-0.00004	-0.000267	0	NaN	NaN	NaN	NaN	NaN
624	560	1	560	1	559.9496	-49.905857	119.985922	1	-0.000028	-0.000031	-0.000253	0	NaN	NaN	NaN	NaN	NaN
625	560	1	560	1	559.9496	-49.905857	110.112425	1	-0.00004	-0.000036	-0.00028	0	NaN	NaN	NaN	NaN	NaN
626	560	1	560	1	559.9496	-49.905857	100.038789	1	-0.000035	-0.000036	-0.000264	0	NaN	NaN	NaN	NaN	NaN
627	560	1	560	1	559.9496	-49.905857	90.031867	1	-0.00004	-0.000039	-0.000309	0	NaN	NaN	NaN	NaN	NaN
628	560	1	560	1	559.9496	-49.905857	80.091657	1	-0.000035	-0.000036	-0.000258	0	NaN	NaN	NaN	NaN	NaN
629	560	1	560	1	559.9496	-49.905857	70.084734	1	-0.000035	-0.000041	-0.000237	0	NaN	NaN	NaN	NaN	NaN
630	560	1	560	1	559.9496	-49.905857	60.011098	1	-0.000044	-0.000034	-0.00026	0	NaN	NaN	NaN	NaN	NaN
631	560	1	560	1	559.9496	-49.905857	50.004175	1	-0.000039	-0.000038	-0.000245	0	NaN	NaN	NaN	NaN	NaN
632	560	1	560	1	559.9496	-49.905857	40.063965	1	-0.000031	-0.000037	-0.000275	0	NaN	NaN	NaN	NaN	NaN
633	560	1	560	1	559.9496	-49.905857	30.057042	1	-0.000026	-0.000036	-0.000257	0	NaN	NaN	NaN	NaN	NaN
634	560	1	560	1	559.9496	-49.905857	19.983407	1	-0.000039	-0.000033	-0.000278	0	NaN	NaN	NaN	NaN	NaN
635	560	1	560	1	559.9496	-49.905857	10.109909	1	-0.000035	-0.000027	-0.000215	0	NaN	NaN	NaN	NaN	NaN
636	560	1	560	1	559.9496	-49.905857	0.036274	1	-0.000025	-0.000039	-0.000253	0	NaN	NaN	NaN	NaN	NaN
637	560	1	560	1	559.9496	-49.905857	-9.970649	1	-0.000038	-0.000036	-0.000226	0	NaN	NaN	NaN	NaN	NaN
638	560	1	560	1	559.9496	-49.905857	-19.910859	1	-0.000036	-0.000028	-0.000244	0	NaN	NaN	NaN	NaN	NaN
639	560	1	560	1	559.9496	-49.905857	-29.917782	1	-0.00004	-0.000031	-0.00024	0	NaN	NaN	NaN	NaN	NaN
640	560	1	560	1	559.9496	-49.905857	-39.991418	1	-0.000043	-0.000034	-0.000262	0	NaN	NaN	NaN	NaN	NaN
641	560	1	560	1	559.9496	-49.905857	-49.864915	1	-0.000039	-0.000042	-0.000251	0	NaN	NaN	NaN	NaN	NaN
642	560	1	560	1	559.9496	-49.905857	-59.938551	1	-0.000044	-0.000032	-0.000223	0	NaN	NaN	NaN	NaN	NaN
643	560	1	560	1	559.9496	-49.905857	-69.945473	1	-0.000045	-0.000035	-0.000277	0	NaN	NaN	NaN	NaN	NaN
644	560	1	560	1	559.9496	-49.905857	-79.885683	1	-0.000041	-0.000035	-0.000249	0	NaN	NaN	NaN	NaN	NaN
645	560	1	560	1	559.9496	-49.905857	-89.959319	1	-0.000031	-0.000034	-0.000262	0	NaN	NaN	NaN	NaN	NaN
646	560	1	560	1	559.9496	-49.905857	-99.966242	1	-0.000041	-0.000033	-0.000264	0	NaN	NaN	NaN	NaN	NaN
647	560	1	560	1	559.9496	-49.905857	-109.973165	1	-0.000033	-0.000047	-0.000254	0	NaN	NaN	NaN	NaN	NaN
648	560	1	560	1	559.9496	-49.905857	-119.913375	1	-0.000025	-0.000041	-0.000289	0	NaN	NaN	NaN	NaN	NaN
649	560	1	560	1	559.9496	-49.905857	-129.987011	1	-0.000029	-0.000041	-0.000275	0	NaN	NaN	NaN	NaN	NaN
650	560	1	560	1	559.9496	-49.905857	-139.993933	1	-0.000039	-0.000034	-0.000293	0	NaN	NaN	NaN	NaN	NaN
651	560	1	560	1	559.9496	-49.905857	-149.934143	1	-0.000027	-0.000038	-0.000264	0	NaN	NaN	NaN	NaN	NaN
652	560	1	560	1	559.9496	-59.979493	150.006691	1	-0.000039	-0.000036	-0.00028	0	NaN	NaN	NaN	NaN	NaN
653	560	1	560	1	559.9496	-59.979493	140.066481	1	-0.000032	-0.000032	-0.000272	0	NaN	NaN	NaN	NaN	NaN
654	560	1	560	1	559.9496	-59.979493	130.059558	1	-0.000025	-0.000029	-0.000264	0	NaN	NaN	NaN	NaN	NaN
655	560	1	560	1	559.9496	-59.979493	119.985922	1	-0.000036	-0.000033	-0.000268	0	NaN	NaN	NaN	NaN	NaN
656	560	1	560	1	559.9496	-59.979493	110.112425	1	-0.000026	-0.000028	-0.000272	0	NaN	NaN	NaN	NaN	NaN
657	560	1	560	1	559.9496	-59.979493	100.038789	1	-0.000035	-0.000034	-0.000245	0	NaN	NaN	NaN	NaN	NaN
658	560	1	560	1	559.9496	-59.979493	90.031867	1	-0.000036	-0.000037	-0.000264	0	NaN	NaN	NaN	NaN	NaN
659	560	1	560	1	559.9496	-59.979493	80.091657	1	-0.000038	-0.000034	-0.000253	0	NaN	NaN	NaN	NaN	NaN
660	560	1	560	1	559.9496	-59.979493	70.084734	1	-0.000038	-0.000038	-0.000231	0	NaN	NaN	NaN	NaN	NaN
661	560	1	560	1	559.9496	-59.979493	60.011098	1	-0.000038	-0.000038	-0.000268	0	NaN	NaN	NaN	NaN	NaN
662	560	1	560	1	559.9496	-59.979493	50.004175	1	-0.000032	-0.000035	-0.000262	0	NaN	NaN	NaN	NaN	NaN
663	560	1	560	1	559.9496	-59.979493	40.063965	1	-0.00003	-0.000034	-0.00026	0	NaN	NaN	NaN	NaN	NaN
664	560	1	560	1	559.9496	-59.979493	30.057042	1	-0.00003	-0.000037	-0.000284	0	NaN	NaN	NaN	NaN	NaN
665	560	1	560	1	559.9496	-59.979493	19.983407	1	-0.000034	-0.000032	-0.000246	0	NaN	NaN	NaN	NaN	NaN
666	560	1	560	1	559.9496	-59.979493	10.109909	1	-0.000038	-0.000023	-0.000267	0	NaN	NaN	NaN	NaN	NaN
667	560	1	560	1	559.9496	-59.979493	0.036274	1	-0.000036	-0.000031	-0.000255	0	NaN	NaN	NaN	NaN	NaN
668	560	1	560	1	559.9496	-59.979493	-9.970649	1	-0.000032	-0.000033	-0.000259	0	NaN	NaN	NaN	NaN	NaN
669	560	1	560	1	559.9496	-59.979493	-19.910859	1	-0.000033	-0.000037	-0.00026	0	NaN	NaN	NaN	NaN	NaN
670	560	1	560	1	559.9496	-59.979493	-29.917782	1	-0.000037	-0.000039	-0.000281	0	NaN	NaN	NaN	NaN	NaN
671	560	1	560	1	559.9496	-59.979493	-39.991418	1	-0.000043	-0.000041	-0.000272	0	NaN	NaN	NaN	NaN	NaN
672	560	1	560	1	559.9496	-59.979493	-49.864915	1	-0.000039	-0.000041	-0.000259	0	NaN	NaN	NaN	NaN	NaN
673	560	1	560	1	559.9496	-59.979493	-59.938551	1	-0.000043	-0.000036	-0.000241	0	NaN	NaN	NaN	NaN	NaN
674	560	1	560	1	559.9496	-59.979493	-69.945473	1	-0.000051	-0.000038	-0.000249	0	NaN	NaN	NaN	NaN	NaN
675	560	1	560	1	559.9496	-59.979493	-79.885683	1	-0.000048	-0.000032	-0.00022	0	NaN	NaN	NaN	NaN	NaN
676	560	1	560	1	559.9496	-59.979493	-89.959319	1	-0.000046	-0.000035	-0.000259	0	NaN	NaN	NaN	NaN	NaN
677	560	1	560	1	559.9496	-59.979493	-99.966242	1	-0.000036	-0.000025	-0.00024	0	NaN	NaN	NaN	NaN	NaN
678	560	1	560	1	559.9496	-59.979493	-109.973165	1	-0.000037	-0.000037	-0.000255	0	NaN	NaN	NaN	NaN	NaN
679	560	1	560	1	559.9496	-59.979493	-119.913375	1	-0.000038	-0.000033	-0.000275	0	NaN	NaN	NaN	NaN	NaN
680	560	1	560	1	559.9496	-59.979493	-129.987011	1	-0.000036	-0.000033	-0.000264	0	NaN	NaN	NaN	NaN	NaN
681	560	1	560	1	559.9496	-59.979493	-139.993933	1	-0.000035	-0.000034	-0.000254	0	NaN	NaN	NaN	NaN	NaN
682	560	1	560	1	559.9496	-59.979493	-149.934143	1	-0.000034	-0.000033	-0.000277	0	NaN	NaN	NaN	NaN	NaN
683	560	1	560	1	559.9496	-69.919703	150.006691	1	-0.000035	-0.000032	-0.000272	0	NaN	NaN	NaN	NaN	NaN
684	560	1	560	1	559.9496	-69.919703	140.066481	1	-0.000041	-0.000043	-0.000267	0	NaN	NaN	NaN	NaN	NaN
685	560	1	560	1	559.9496	-69.919703	130.059558	1	-0.000045	-0.000033	-0.000246	0	NaN	NaN	NaN	NaN	NaN
686	560	1	560	1	559.9496	-69.919703	119.985922	1	-0.00003	-0.000034	-0.000271	0	NaN	NaN	NaN	NaN	NaN
687	560	1	560	1	559.9496	-69.919703	110.112425	1	-0.000036	-0.000037	-0.000269	0	NaN	NaN	NaN	NaN	NaN
688	560	1	560	1	559.9496	-69.919703	100.038789	1	-0.000036	-0.000035	-0.000267	0	NaN	NaN	NaN	NaN	NaN
689	560	1	560	1	559.9496	-69.919703	90.031867	1	-0.000041	-0.000032	-0.000259	0	NaN	NaN	NaN	NaN	NaN
690	560	1	560	1	559.9496	-69.919703	80.091657	1	-0.000029	-0.000034	-0.000244	0	NaN	NaN	NaN	NaN	NaN
691	560	1	560	1	559.9496	-69.919703	70.084734	1	-0.000036	-0.000033	-0.000262	0	NaN	NaN	NaN	NaN	NaN
692	560	1	560	1	559.9496	-69.919703	60.011098	1	-0.000035	-0.00003	-0.000278	0	NaN	NaN	NaN	NaN	NaN
693	560	1	560	1	559.9496	-69.919703	50.004175	1	-0.000029	-0.000035	-0.000278	0	NaN	NaN	NaN	NaN	NaN
694	560	1	560	1	559.9496	-69.919703	40.063965	1	-0.00003	-0.000033	-0.000257	0	NaN	NaN	NaN	NaN	NaN
695	560	1	560	1	559.9496	-69.919703	30.057042	1	-0.000039	-0.000038	-0.000249	0	NaN	NaN	NaN	NaN	NaN
696	560	1	560	1	559.9496	-69.919703	19.983407	1	-0.000031	-0.000044	-0.000254	0	NaN	NaN	NaN	NaN	NaN
697	560	1	560	1	559.9496	-69.919703	10.109909	1	-0.00003	-0.000038	-0.000258	0	NaN	NaN	NaN	NaN	NaN
698	560	1	560	1	559.9496	-69.919703	0.036274	1	-0.00003	-0.000031	-0.000291	0	NaN	NaN	NaN	NaN	NaN
699	560	1	560	1	559.9496	-69.919703	-9.970649	1	-0.000033	-0.000035	-0.000282	0	NaN	NaN	NaN	NaN	NaN
700	560	1	560	1	559.9496	-69.919703	-19.910859	1	-0.00003	-0.000037	-0.000271	0	NaN	NaN	NaN	NaN	NaN
701	560	1	560	1	559.9496	-69.919703	-29.917782	1	-0.000032	-0.000035	-0.000266	0	NaN	NaN	NaN	NaN	NaN
702	560	1	560	1	559.9496	-69.919703	-39.991418	1	-0.000036	-0.000029	-0.000277	0	NaN	NaN	NaN	NaN	NaN
703	560	1	560	1	559.9496	-69.919703	-49.864915	1	-0.000041	-0.00003	-0.00024	0	NaN	NaN	NaN	NaN	NaN
704	560	1	560	1	559.9496	-69.919703	-59.938551	1	-0.000038	-0.000032	-0.000267	0	NaN	NaN	NaN	NaN	NaN
705	560	1	560	1	559.9496	-69.919703	-69.945473	1	-0.000043	-0.000036	-0.000251	0	NaN	NaN	NaN	NaN	NaN
706	560	1	560	1	559.9496	-69.919703	-79.885683	1	-0.000054	-0.000038	-0.000257	0	NaN	NaN	NaN	NaN	NaN
707	560	1	560	1	559.9496	-69.919703	-89.959319	1	-0.000045	-0.000037	-0.000219	0	NaN	NaN	NaN	NaN	NaN
708	560	1	560	1	559.9496	-69.919703	-99.966242	1	-0.00004	-0.000038	-0.000237	0	NaN	NaN	NaN	NaN	NaN
709	560	1	560	1	559.9496	-69.919703	-109.973165	1	-0.000037	-0.000037	-0.000217	0	NaN	NaN	NaN	NaN	NaN
710	560	1	560	1	559.9496	-69.919703	-119.913375	1	-0.000037	-0.000035	-0.000275	0	NaN	NaN	NaN	NaN	NaN
711	560	1	560	1	559.9496	-69.919703	-129.987011	1	-0.000028	-0.000035	-0.000271	0	NaN	NaN	NaN	NaN	NaN
712	560	1	560	1	559.9496	-69.919703	-139.993933	1	-0.000038	-0.000039	-0.000263	0	NaN	NaN	NaN	NaN	NaN
713	560	1	560	1	559.9496	-69.919703	-149.934143	1	-0.00003	-0.000044	-0.000271	0	NaN	NaN	NaN	NaN	NaN
714	560	1	560	1	559.9496	-79.926625	150.006691	1	-0.000029	-0.000031	-0.000242	0	NaN	NaN	NaN	NaN	NaN
715	560	1	560	1	559.9496	-79.926625	140.066481	1	-0.000035	-0.000039	-0.00026	0	NaN	NaN	NaN	NaN	NaN
716	560	1	560	1	559.9496	-79.926625	130.059558	1	-0.000031	-0.000033	-0.000275	0	NaN	NaN	NaN	NaN	NaN
717	560	1	560	1	559.9496	-79.926625	119.985922	1	-0.000031	-0.000036	-0.000259	0	NaN	NaN	NaN	NaN	NaN
718	560	1	560	1	559.9496	-79.926625	110.112425	1	-0.000032	-0.000033	-0.000248	0	NaN	NaN	NaN	NaN	NaN
719	560	1	560	1	559.9496	-79.926625	100.038789	1	-0.00004	-0.000032	-0.000259	0	NaN	NaN	NaN	NaN	NaN
720	560	1	560	1	559.9496	-79.926625	90.031867	1	-0.000031	-0.000035	-0.00026	0	NaN	NaN	NaN	NaN	NaN
721	560	1	560	1	559.9496	-79.926625	80.091657	1	-0.00003	-0.000037	-0.000253	0	NaN	NaN	NaN	NaN	NaN
722	560	1	560	1	559.9496	-79.926625	70.084734	1	-0.000026	-0.000036	-0.0003	0	NaN	NaN	NaN	NaN	NaN
723	560	1	560	1	559.9496	-79.926625	60.011098	1	-0.000037	-0.000035	-0.000246	0	NaN	NaN	NaN	NaN	NaN
724	560	1	560	1	559.9496	-79.926625	50.004175	1	-0.000027	-0.000041	-0.000277	0	NaN	NaN	NaN	NaN	NaN
725	560	1	560	1	559.9496	-79.926625	40.063965	1	-0.000025	-0.000039	-0.000286	0	NaN	NaN	NaN	NaN	NaN
726	560	1	560	1	559.9496	-79.926625	30.057042	1	-0.000029	-0.000033	-0.000257	0	NaN	NaN	NaN	NaN	NaN
727	560	1	560	1	559.9496	-79.926625	19.983407	1	-0.000033	-0.000034	-0.00025	0	NaN	NaN	NaN	NaN	NaN
728	560	1	560	1	559.9496	-79.926625	10.109909	1	-0.000032	-0.000032	-0.000208	0	NaN	NaN	NaN	NaN	NaN
729	560	1	560	1	559.9496	-79.926625	0.036274	1	-0.000031	-0.000033	-0.000257	0	NaN	NaN	NaN	NaN	NaN
730	560	1	560	1	559.9496	-79.926625	-9.970649	1	-0.000036	-0.000024	-0.00026	0	NaN	NaN	NaN	NaN	NaN
731	560	1	560	1	559.9496	-79.926625	-19.910859	1	-0.000045	-0.000035	-0.000255	0	NaN	NaN	NaN	NaN	NaN
732	560	1	560	1	559.9496	-79.926625	-29.917782	1	-0.000036	-0.000035	-0.000244	0	NaN	NaN	NaN	NaN	NaN
733	560	1	560	1	559.9496	-79.926625	-39.991418	1	-0.000035	-0.00003	-0.000259	0	NaN	NaN	NaN	NaN	NaN
734	560	1	560	1	559.9496	-79.926625	-49.864915	1	-0.00004	-0.000035	-0.000223	0	NaN	NaN	NaN	NaN	NaN
735	560	1	560	1	559.9496	-79.926625	-59.938551	1	-0.000044	-0.000035	-0.000239	0	NaN	NaN	NaN	NaN	NaN
736	560	1	560	1	559.9496	-79.926625	-69.945473	1	-0.00004	-0.000034	-0.000241	0	NaN	NaN	NaN	NaN	NaN
737	560	1	560	1	559.9496	-79.926625	-79.885683	1	-0.000043	-0.000037	-0.000205	0	NaN	NaN	NaN	NaN	NaN
738	560	1	560	1	559.9496	-79.926625	-89.959319	1	-0.000041	-0.00003	-0.000217	0	NaN	NaN	NaN	NaN	NaN
739	560	1	560	1	559.9496	-79.926625	-99.966242	1	-0.000043	-0.000035	-0.00024	0	NaN	NaN	NaN	NaN	NaN
740	560	1	560	1	559.9496	-79.926625	-109.973165	1	-0.000036	-0.00003	-0.000284	0	NaN	NaN	NaN	NaN	NaN
741	560	1	560	1	559.9496	-79.926625	-119.913375	1	-0.000033	-0.000032	-0.000249	0	NaN	NaN	NaN	NaN	NaN
742	560	1	560	1	559.9496	-79.926625	-129.987011	1	-0.000039	-0.000039	-0.000233	0	NaN	NaN	NaN	NaN	NaN
743	560	1	560	1	559.9496	-79.926625	-139.993933	1	-0.000037	-0.000036	-0.000237	0	NaN	NaN	NaN	NaN	NaN
744	560	1	560	1	559.9496	-79.926625	-149.934143	1	-0.000032	-0.000039	-0.000266	0	NaN	NaN	NaN	NaN	NaN
745	560	1	560	1	559.9496	-89.933548	150.006691	1	-0.000026	-0.00003	-0.000273	0	NaN	NaN	NaN	NaN	NaN
746	560	1	560	1	559.9496	-89.933548	140.066481	1	-0.000028	-0.000022	-0.000251	0	NaN	NaN	NaN	NaN	NaN
747	560	1	560	1	559.9496	-89.933548	130.059558	1	-0.000041	-0.000028	-0.000241	0	NaN	NaN	NaN	NaN	NaN
748	560	1	560	1	559.9496	-89.933548	119.985922	1	-0.000033	-0.000034	-0.000284	0	NaN	NaN	NaN	NaN	NaN
749	560	1	560	1	559.9496	-89.933548	110.112425	1	-0.000033	-0.000043	-0.000245	0	NaN	NaN	NaN	NaN	NaN
750	560	1	560	1	559.9496	-89.933548	100.038789	1	-0.000024	-0.000033	-0.000281	0	NaN	NaN	NaN	NaN	NaN
751	560	1	560	1	559.9496	-89.933548	90.031867	1	-0.00003	-0.000033	-0.000258	0	NaN	NaN	NaN	NaN	NaN
752	560	1	560	1	559.9496	-89.933548	80.091657	1	-0.000037	-0.000034	-0.000257	0	NaN	NaN	NaN	NaN	NaN
753	560	1	560	1	559.9496	-89.933548	70.084734	1	-0.000034	-0.000033	-0.000298	0	NaN	NaN	NaN	NaN	NaN
754	560	1	560	1	559.9496	-89.933548	60.011098	1	-0.000029	-0.000036	-0.000289	0	NaN	NaN	NaN	NaN	NaN
755	560	1	560	1	559.9496	-89.933548	50.004175	1	-0.000028	-0.000033	-0.000272	0	NaN	NaN	NaN	NaN	NaN
756	560	1	560	1	559.9496	-89.933548	40.063965	1	-0.00004	-0.000035	-0.000254	0	NaN	NaN	NaN	NaN	NaN
757	560	1	560	1	559.9496	-89.933548	30.057042	1	-0.000033	-0.000035	-0.000235	0	NaN	NaN	NaN	NaN	NaN
758	560	1	560	1	559.9496	-89.933548	19.983407	1	-0.000045	-0.000036	-0.00025	0	NaN	NaN	NaN	NaN	NaN
759	560	1	560	1	559.9496	-89.933548	10.109909	1	-0.000027	-0.000036	-0.000214	0	NaN	NaN	NaN	NaN	NaN
760	560	1	560	1	559.9496	-89.933548	0.036274	1	-0.000023	-0.000026	-0.000242	0	NaN	NaN	NaN	NaN	NaN
761	560	1	560	1	559.9496	-89.933548	-9.970649	1	-0.000038	-0.000032	-0.000284	0	NaN	NaN	NaN	NaN	NaN
762	560	1	560	1	559.9496	-89.933548	-19.910859	1	-0.000029	-0.000037	-0.000236	0	NaN	NaN	NaN	NaN	NaN
763	560	1	560	1	559.9496	-89.933548	-29.917782	1	-0.000023	-0.000034	-0.000273	0	NaN	NaN	NaN	NaN	NaN
764	560	1	560	1	559.9496	-89.933548	-39.991418	1	-0.000026	-0.000043	-0.000262	0	NaN	NaN	NaN	NaN	NaN
765	560	1	560	1	559.9496	-89.933548	-49.864915	1	-0.000031	-0.000032	-0.00028	0	NaN	NaN	NaN	NaN	NaN
766	560	1	560	1	559.9496	-89.933548	-59.938551	1	-0.000033	-0.000036	-0.000213	0	NaN	NaN	NaN	NaN	NaN
767	560	1	560	1	559.9496	-89.933548	-69.945473	1	-0.000039	-0.000032	-0.000249	0	NaN	NaN	NaN	NaN	NaN
768	560	1	560	1	559.9496	-89.933548	-79.885683	1	-0.000041	-0.00004	-0.000248	0	NaN	NaN	NaN	NaN	NaN
769	560	1	560	1	559.9496	-89.933548	-89.959319	1	-0.000043	-0.000036	-0.00024	0	NaN	NaN	NaN	NaN	NaN
770	560	1	560	1	559.9496	-89.933548	-99.966242	1	-0.000046	-0.000032	-0.00025	0	NaN	NaN	NaN	NaN	NaN
771	560	1	560	1	559.9496	-89.933548	-109.973165	1	-0.000043	-0.000031	-0.000263	0	NaN	NaN	NaN	NaN	NaN
772	560	1	560	1	559.9496	-89.933548	-119.913375	1	-0.000041	-0.000038	-0.000281	0	NaN	NaN	NaN	NaN	NaN
773	560	1	560	1	559.9496	-89.933548	-129.987011	1	-0.000044	-0.000029	-0.000248	0	NaN	NaN	NaN	NaN	NaN
774	560	1	560	1	559.9496	-89.933548	-139.993933	1	-0.000032	-0.000034	-0.000228	0	NaN	NaN	NaN	NaN	NaN
775	560	1	560	1	559.9496	-89.933548	-149.934143	1	-0.000032	-0.000029	-0.000262	0	NaN	NaN	NaN	NaN	NaN
776	560	1	560	1	559.9496	-100.007184	150.006691	1	-0.000027	-0.000037	-0.00024	0	NaN	NaN	NaN	NaN	NaN
777	560	1	560	1	559.9496	-100.007184	140.066481	1	-0.000036	-0.000042	-0.000273	0	NaN	NaN	NaN	NaN	NaN
778	560	1	560	1	559.9496	-100.007184	130.059558	1	-0.000029	-0.00004	-0.000268	0	NaN	NaN	NaN	NaN	NaN
779	560	1	560	1	559.9496	-100.007184	119.985922	1	-0.000036	-0.000026	-0.00026	0	NaN	NaN	NaN	NaN	NaN
780	560	1	560	1	559.9496	-100.007184	110.112425	1	-0.000039	-0.000036	-0.000248	0	NaN	NaN	NaN	NaN	NaN
781	560	1	560	1	559.9496	-100.007184	100.038789	1	-0.000034	-0.000029	-0.000266	0	NaN	NaN	NaN	NaN	NaN
782	560	1	560	1	559.9496	-100.007184	90.031867	1	-0.000031	-0.000034	-0.000251	0	NaN	NaN	NaN	NaN	NaN
783	560	1	560	1	559.9496	-100.007184	80.091657	1	-0.000037	-0.000035	-0.000249	0	NaN	NaN	NaN	NaN	NaN
784	560	1	560	1	559.9496	-100.007184	70.084734	1	-0.000037	-0.000034	-0.000251	0	NaN	NaN	NaN	NaN	NaN
785	560	1	560	1	559.9496	-100.007184	60.011098	1	-0.00004	-0.000036	-0.000272	0	NaN	NaN	NaN	NaN	NaN
786	560	1	560	1	559.9496	-100.007184	50.004175	1	-0.000037	-0.000038	-0.000259	0	NaN	NaN	NaN	NaN	NaN
787	560	1	560	1	559.9496	-100.007184	40.063965	1	-0.000029	-0.000039	-0.000308	0	NaN	NaN	NaN	NaN	NaN
788	560	1	560	1	559.9496	-100.007184	30.057042	1	-0.000033	-0.000036	-0.00028	0	NaN	NaN	NaN	NaN	NaN
789	560	1	560	1	559.9496	-100.007184	19.983407	1	-0.00003	-0.00004	-0.000248	0	NaN	NaN	NaN	NaN	NaN
790	560	1	560	1	559.9496	-100.007184	10.109909	1	-0.000038	-0.000037	-0.000241	0	NaN	NaN	NaN	NaN	NaN
791	560	1	560	1	559.9496	-100.007184	0.036274	1	-0.00004	-0.000033	-0.000228	0	NaN	NaN	NaN	NaN	NaN
792	560	1	560	1	559.9496	-100.007184	-9.970649	1	-0.000036	-0.000028	-0.000272	0	NaN	NaN	NaN	NaN	NaN
793	560	1	560	1	559.9496	-100.007184	-19.910859	1	-0.00003	-0.000035	-0.000285	0	NaN	NaN	NaN	NaN	NaN
794	560	1	560	1	559.9496	-100.007184	-29.917782	1	-0.000027	-0.00003	-0.000242	0	NaN	NaN	NaN	NaN	NaN
795	560	1	560	1	559.9496	-100.007184	-39.991418	1	-0.000032	-0.000034	-0.000224	0	NaN	NaN	NaN	NaN	NaN
796	560	1	560	1	559.9496	-100.007184	-49.864915	1	-0.000036	-0.000036	-0.000249	0	NaN	NaN	NaN	NaN	NaN
797	560	1	560	1	559.9496	-100.007184	-59.938551	1	-0.000037	-0.000041	-0.000284	0	NaN	NaN	NaN	NaN	NaN
798	560	1	560	1	559.9496	-100.007184	-69.945473	1	-0.000037	-0.000033	-0.000255	0	NaN	NaN	NaN	NaN	NaN
799	560	1	560	1	559.9496	-100.007184	-79.885683	1	-0.000036	-0.00004	-0.000258	0	NaN	NaN	NaN	NaN	NaN
800	560	1	560	1	559.9496	-100.007184	-89.959319	1	-0.000043	-0.000035	-0.000239	0	NaN	NaN	NaN	NaN	NaN
801	560	1	560	1	559.9496	-100.007184	-99.966242	1	-0.000033	-0.000041	-0.000286	0	NaN	NaN	NaN	NaN	NaN
802	560	1	560	1	559.9496	-100.007184	-109.973165	1	-0.000043	-0.000031	-0.000248	0	NaN	NaN	NaN	NaN	NaN
803	560	1	560	1	559.9496	-100.007184	-119.913375	1	-0.000041	-0.000031	-0.000246	0	NaN	NaN	NaN	NaN	NaN
804	560	1	560	1	559.9496	-100.007184	-129.987011	1	-0.000038	-0.000036	-0.000264	0	NaN	NaN	NaN	NaN	NaN
805	560	1	560	1	559.9496	-100.007184	-139.993933	1	-0.000031	-0.000028	-0.000278	0	NaN	NaN	NaN	NaN	NaN
806	560	1	560	1	559.9496	-100.007184	-149.934143	1	-0.000038	-0.000036	-0.000273	0	NaN	NaN	NaN	NaN	NaN
807	560	1	560	1	559.9496	-109.947394	150.006691	1	-0.000029	-0.000038	-0.000271	0	NaN	NaN	NaN	NaN	NaN
808	560	1	560	1	559.9496	-109.947394	139.999768	1	-0.000039	-0.000029	-0.000273	0	NaN	NaN	NaN	NaN	NaN
809	560	1	560	1	559.9496	-109.947394	130.059558	1	-0.000032	-0.000033	-0.000259	0	NaN	NaN	NaN	NaN	NaN
810	560	1	560	1	559.9496	-109.947394	119.985922	1	-0.000031	-0.000034	-0.000258	0	NaN	NaN	NaN	NaN	NaN
811	560	1	560	1	559.9496	-109.947394	110.112425	1	-0.000041	-0.000035	-0.000249	0	NaN	NaN	NaN	NaN	NaN
812	560	1	560	1	559.9496	-109.947394	100.038789	1	-0.000032	-0.000033	-0.000271	0	NaN	NaN	NaN	NaN	NaN
813	560	1	560	1	559.9496	-109.947394	90.031867	1	-0.000027	-0.000029	-0.000272	0	NaN	NaN	NaN	NaN	NaN
814	560	1	560	1	559.9496	-109.947394	80.091657	1	-0.00003	-0.000035	-0.000266	0	NaN	NaN	NaN	NaN	NaN
815	560	1	560	1	559.9496	-109.947394	70.084734	1	-0.000037	-0.000031	-0.000266	0	NaN	NaN	NaN	NaN	NaN
816	560	1	560	1	559.9496	-109.947394	60.011098	1	-0.000032	-0.000031	-0.000239	0	NaN	NaN	NaN	NaN	NaN
817	560	1	560	1	559.9496	-109.947394	50.004175	1	-0.000039	-0.000032	-0.000245	0	NaN	NaN	NaN	NaN	NaN
818	560	1	560	1	559.9496	-109.947394	40.063965	1	-0.000034	-0.00003	-0.000269	0	NaN	NaN	NaN	NaN	NaN
819	560	1	560	1	559.9496	-109.947394	30.057042	1	-0.000033	-0.000042	-0.000273	0	NaN	NaN	NaN	NaN	NaN
820	560	1	560	1	559.9496	-109.947394	19.983407	1	-0.000035	-0.000037	-0.000286	0	NaN	NaN	NaN	NaN	NaN
821	560	1	560	1	559.9496	-109.947394	10.109909	1	-0.00003	-0.000037	-0.000258	0	NaN	NaN	NaN	NaN	NaN
822	560	1	560	1	559.9496	-109.947394	0.036274	1	-0.00003	-0.000035	-0.000268	0	NaN	NaN	NaN	NaN	NaN
823	560	1	560	1	559.9496	-109.947394	-9.970649	1	-0.000038	-0.000035	-0.000298	0	NaN	NaN	NaN	NaN	NaN
824	560	1	560	1	559.9496	-109.947394	-19.910859	1	-0.000031	-0.000034	-0.000285	0	NaN	NaN	NaN	NaN	NaN
825	560	1	560	1	559.9496	-109.947394	-29.917782	1	-0.000029	-0.000037	-0.000253	0	NaN	NaN	NaN	NaN	NaN
826	560	1	560	1	559.9496	-109.947394	-39.991418	1	-0.00003	-0.000035	-0.000272	0	NaN	NaN	NaN	NaN	NaN
827	560	1	560	1	559.9496	-109.947394	-49.864915	1	-0.000028	-0.000043	-0.000242	0	NaN	NaN	NaN	NaN	NaN
828	560	1	560	1	559.9496	-109.947394	-59.938551	1	-0.00003	-0.000041	-0.000251	0	NaN	NaN	NaN	NaN	NaN
829	560	1	560	1	559.9496	-109.947394	-69.945473	1	-0.00004	-0.000036	-0.000263	0	NaN	NaN	NaN	NaN	NaN
830	560	1	560	1	559.9496	-109.947394	-79.885683	1	-0.000036	-0.000027	-0.000249	0	NaN	NaN	NaN	NaN	NaN
831	560	1	560	1	559.9496	-109.947394	-89.959319	1	-0.00004	-0.000035	-0.000268	0	NaN	NaN	NaN	NaN	NaN
832	560	1	560	1	559.9496	-109.947394	-99.966242	1	-0.000038	-0.000036	-0.000275	0	NaN	NaN	NaN	NaN	NaN
833	560	1	560	1	559.9496	-109.947394	-109.973165	1	-0.00004	-0.00003	-0.000251	0	NaN	NaN	NaN	NaN	NaN
834	560	1	560	1	559.9496	-109.947394	-119.913375	1	-0.000045	-0.000038	-0.000251	0	NaN	NaN	NaN	NaN	NaN
835	560	1	560	1	559.9496	-109.947394	-129.987011	1	-0.000041	-0.000029	-0.000281	0	NaN	NaN	NaN	NaN	NaN
836	560	1	560	1	559.9496	-109.947394	-139.993933	1	-0.000036	-0.000039	-0.000272	0	NaN	NaN	NaN	NaN	NaN
837	560	1	560	1	559.9496	-109.947394	-149.934143	1	-0.000039	-0.000032	-0.000224	0	NaN	NaN	NaN	NaN	NaN
838	560	1	560	1	559.9496	-119.954317	150.006691	1	-0.000033	-0.000035	-0.00026	0	NaN	NaN	NaN	NaN	NaN
839	560	1	560	1	559.9496	-119.954317	140.066481	1	-0.000031	-0.000031	-0.000259	0	NaN	NaN	NaN	NaN	NaN
840	560	1	560	1	559.9496	-119.954317	130.059558	1	-0.000032	-0.000025	-0.00025	0	NaN	NaN	NaN	NaN	NaN
841	560	1	560	1	559.9496	-119.954317	119.985922	1	-0.000035	-0.000037	-0.00025	0	NaN	NaN	NaN	NaN	NaN
842	560	1	560	1	559.9496	-119.954317	110.112425	1	-0.000025	-0.000036	-0.000233	0	NaN	NaN	NaN	NaN	NaN
843	560	1	560	1	559.9496	-119.954317	100.038789	1	-0.000036	-0.000031	-0.00028	0	NaN	NaN	NaN	NaN	NaN
844	560	1	560	1	559.9496	-119.954317	90.031867	1	-0.000035	-0.000032	-0.000278	0	NaN	NaN	NaN	NaN	NaN
845	560	1	560	1	559.9496	-119.954317	80.091657	1	-0.000034	-0.00004	-0.000276	0	NaN	NaN	NaN	NaN	NaN
846	560	1	560	1	559.9496	-119.954317	70.084734	1	-0.000032	-0.00004	-0.000244	0	NaN	NaN	NaN	NaN	NaN
847	560	1	560	1	559.9496	-119.954317	60.011098	1	-0.000035	-0.00004	-0.000246	0	NaN	NaN	NaN	NaN	NaN
848	560	1	560	1	559.9496	-119.954317	50.004175	1	-0.000029	-0.000032	-0.000286	0	NaN	NaN	NaN	NaN	NaN
849	560	1	560	1	559.9496	-119.954317	40.063965	1	-0.000036	-0.000036	-0.000246	0	NaN	NaN	NaN	NaN	NaN
850	560	1	560	1	559.9496	-119.954317	30.057042	1	-0.000033	-0.000036	-0.00022	0	NaN	NaN	NaN	NaN	NaN
851	560	1	560	1	559.9496	-119.954317	19.983407	1	-0.000038	-0.000039	-0.000264	0	NaN	NaN	NaN	NaN	NaN
852	560	1	560	1	559.9496	-119.954317	10.109909	1	-0.000037	-0.000033	-0.000255	0	NaN	NaN	NaN	NaN	NaN
853	560	1	560	1	559.9496	-119.954317	0.036274	1	-0.000029	-0.000035	-0.000235	0	NaN	NaN	NaN	NaN	NaN
854	560	1	560	1	559.9496	-119.954317	-9.970649	1	-0.000035	-0.000038	-0.000276	0	NaN	NaN	NaN	NaN	NaN
855	560	1	560	1	559.9496	-119.954317	-19.910859	1	-0.000033	-0.000035	-0.000284	0	NaN	NaN	NaN	NaN	NaN
856	560	1	560	1	559.9496	-119.954317	-29.917782	1	-0.000039	-0.000032	-0.00028	0	NaN	NaN	NaN	NaN	NaN
857	560	1	560	1	559.9496	-119.954317	-39.991418	1	-0.000025	-0.000028	-0.000227	0	NaN	NaN	NaN	NaN	NaN
858	560	1	560	1	559.9496	-119.954317	-49.864915	1	-0.000028	-0.000036	-0.000258	0	NaN	NaN	NaN	NaN	NaN
859	560	1	560	1	559.9496	-119.954317	-59.938551	1	-0.000031	-0.000035	-0.000268	0	NaN	NaN	NaN	NaN	NaN
860	560	1	560	1	559.9496	-119.954317	-69.945473	1	-0.000043	-0.000023	-0.00025	0	NaN	NaN	NaN	NaN	NaN
861	560	1	560	1	559.9496	-119.954317	-79.885683	1	-0.000028	-0.000023	-0.000246	0	NaN	NaN	NaN	NaN	NaN
862	560	1	560	1	559.9496	-119.954317	-89.959319	1	-0.000037	-0.000035	-0.000218	0	NaN	NaN	NaN	NaN	NaN
863	560	1	560	1	559.9496	-119.954317	-99.966242	1	-0.000032	-0.000037	-0.000268	0	NaN	NaN	NaN	NaN	NaN
864	560	1	560	1	559.9496	-119.954317	-109.973165	1	-0.000044	-0.000035	-0.000255	0	NaN	NaN	NaN	NaN	NaN
865	560	1	560	1	559.9496	-119.954317	-119.913375	1	-0.000035	-0.000038	-0.000285	0	NaN	NaN	NaN	NaN	NaN
866	560	1	560	1	559.9496	-119.954317	-129.987011	1	-0.000047	-0.000038	-0.000281	0	NaN	NaN	NaN	NaN	NaN
867	560	1	560	1	559.9496	-119.954317	-139.993933	1	-0.000042	-0.000036	-0.000277	0	NaN	NaN	NaN	NaN	NaN
868	560	1	560	1	559.9496	-119.954317	-149.934143	1	-0.00004	-0.000034	-0.000281	0	NaN	NaN	NaN	NaN	NaN
869	560	1	560	1	559.9496	-129.96124	150.006691	1	-0.000035	-0.000031	-0.000248	0	NaN	NaN	NaN	NaN	NaN
870	560	1	560	1	559.9496	-129.96124	140.066481	1	-0.000032	-0.000039	-0.000269	0	NaN	NaN	NaN	NaN	NaN
871	560	1	560	1	559.9496	-129.96124	130.059558	1	-0.00004	-0.00003	-0.000242	0	NaN	NaN	NaN	NaN	NaN
872	560	1	560	1	559.9496	-129.96124	119.985922	1	-0.000031	-0.000034	-0.000254	0	NaN	NaN	NaN	NaN	NaN
873	560	1	560	1	559.9496	-129.96124	110.112425	1	-0.000025	-0.000032	-0.000251	0	NaN	NaN	NaN	NaN	NaN
874	560	1	560	1	559.9496	-129.96124	100.038789	1	-0.000032	-0.000029	-0.000237	0	NaN	NaN	NaN	NaN	NaN
875	560	1	560	1	559.9496	-129.96124	90.031867	1	-0.000032	-0.000039	-0.000246	0	NaN	NaN	NaN	NaN	NaN
876	560	1	560	1	559.9496	-129.96124	80.091657	1	-0.000034	-0.000032	-0.000257	0	NaN	NaN	NaN	NaN	NaN
877	560	1	560	1	559.9496	-129.96124	70.084734	1	-0.000041	-0.000033	-0.000259	0	NaN	NaN	NaN	NaN	NaN
878	560	1	560	1	559.9496	-129.96124	60.011098	1	-0.000029	-0.000038	-0.00024	0	NaN	NaN	NaN	NaN	NaN
879	560	1	560	1	559.9496	-129.96124	50.004175	1	-0.00003	-0.000033	-0.00024	0	NaN	NaN	NaN	NaN	NaN
880	560	1	560	1	559.9496	-129.96124	40.063965	1	-0.000034	-0.000035	-0.000227	0	NaN	NaN	NaN	NaN	NaN
881	560	1	560	1	559.9496	-129.96124	30.057042	1	-0.00003	-0.000036	-0.000255	0	NaN	NaN	NaN	NaN	NaN
882	560	1	560	1	559.9496	-129.96124	19.983407	1	-0.000033	-0.000038	-0.000257	0	NaN	NaN	NaN	NaN	NaN
883	560	1	560	1	559.9496	-129.96124	10.109909	1	-0.000034	-0.000038	-0.000258	0	NaN	NaN	NaN	NaN	NaN
884	560	1	560	1	559.9496	-129.96124	0.036274	1	-0.00003	-0.000029	-0.000248	0	NaN	NaN	NaN	NaN	NaN
885	560	1	560	1	559.9496	-129.96124	-9.970649	1	-0.000044	-0.000035	-0.00026	0	NaN	NaN	NaN	NaN	NaN
886	560	1	560	1	559.9496	-129.96124	-19.910859	1	-0.000034	-0.000045	-0.000244	0	NaN	NaN	NaN	NaN	NaN
887	560	1	560	1	559.9496	-129.96124	-29.917782	1	-0.000038	-0.000029	-0.000268	0	NaN	NaN	NaN	NaN	NaN
888	560	1	560	1	559.9496	-129.96124	-39.991418	1	-0.000037	-0.000037	-0.000255	0	NaN	NaN	NaN	NaN	NaN
889	560	1	560	1	559.9496	-129.96124	-49.864915	1	-0.000034	-0.000033	-0.000237	0	NaN	NaN	NaN	NaN	NaN
890	560	1	560	1	559.9496	-129.96124	-59.938551	1	-0.000035	-0.000038	-0.000264	0	NaN	NaN	NaN	NaN	NaN
891	560	1	560	1	559.9496	-129.96124	-69.945473	1	-0.000047	-0.000026	-0.000253	0	NaN	NaN	NaN	NaN	NaN
892	560	1	560	1	559.9496	-129.96124	-79.885683	1	-0.000029	-0.000038	-0.000286	0	NaN	NaN	NaN	NaN	NaN
893	560	1	560	1	559.9496	-129.96124	-89.959319	1	-0.000035	-0.000038	-0.000232	0	NaN	NaN	NaN	NaN	NaN
894	560	1	560	1	559.9496	-129.96124	-99.966242	1	-0.000034	-0.000031	-0.000254	0	NaN	NaN	NaN	NaN	NaN
895	560	1	560	1	559.9496	-129.96124	-109.973165	1	-0.000042	-0.00003	-0.000246	0	NaN	NaN	NaN	NaN	NaN
896	560	1	560	1	559.9496	-129.96124	-119.913375	1	-0.000039	-0.000031	-0.00026	0	NaN	NaN	NaN	NaN	NaN
897	560	1	560	1	559.9496	-129.96124	-129.987011	1	-0.000044	-0.000029	-0.000232	0	NaN	NaN	NaN	NaN	NaN
898	560	1	560	1	559.9496	-129.96124	-139.993933	1	-0.000044	-0.000035	-0.000276	0	NaN	NaN	NaN	NaN	NaN
899	560	1	560	1	559.9496	-129.96124	-149.934143	1	-0.00004	-0.000039	-0.000251	0	NaN	NaN	NaN	NaN	NaN
900	560	1	560	1	559.9496	-139.90145	150.006691	1	-0.000043	-0.000038	-0.000227	0	NaN	NaN	NaN	NaN	NaN
901	560	1	560	1	559.9496	-139.90145	140.066481	1	-0.000034	-0.000029	-0.000273	0	NaN	NaN	NaN	NaN	NaN
902	560	1	560	1	559.9496	-139.90145	130.059558	1	-0.000046	-0.000034	-0.000255	0	NaN	NaN	NaN	NaN	NaN
903	560	1	560	1	559.9496	-139.90145	119.985922	1	-0.000039	-0.000026	-0.000235	0	NaN	NaN	NaN	NaN	NaN
904	560	1	560	1	559.9496	-139.90145	110.112425	1	-0.000036	-0.000026	-0.000262	0	NaN	NaN	NaN	NaN	NaN
905	560	1	560	1	559.9496	-139.90145	100.038789	1	-0.000034	-0.000037	-0.000295	0	NaN	NaN	NaN	NaN	NaN
906	560	1	560	1	559.9496	-139.90145	90.031867	1	-0.000034	-0.000031	-0.000271	0	NaN	NaN	NaN	NaN	NaN
907	560	1	560	1	559.9496	-139.90145	80.091657	1	-0.00003	-0.000031	-0.000275	0	NaN	NaN	NaN	NaN	NaN
908	560	1	560	1	559.9496	-139.90145	70.084734	1	-0.000036	-0.000037	-0.000258	0	NaN	NaN	NaN	NaN	NaN
909	560	1	560	1	559.9496	-139.90145	60.011098	1	-0.00004	-0.000035	-0.000267	0	NaN	NaN	NaN	NaN	NaN
910	560	1	560	1	559.9496	-139.90145	50.004175	1	-0.000031	-0.000037	-0.000295	0	NaN	NaN	NaN	NaN	NaN
911	560	1	560	1	559.9496	-139.90145	40.063965	1	-0.000032	-0.000034	-0.000236	0	NaN	NaN	NaN	NaN	NaN
912	560	1	560	1	559.9496	-139.90145	30.057042	1	-0.000035	-0.000036	-0.000268	0	NaN	NaN	NaN	NaN	NaN
913	560	1	560	1	559.9496	-139.90145	19.983407	1	-0.000036	-0.000036	-0.00024	0	NaN	NaN	NaN	NaN	NaN
914	560	1	560	1	559.9496	-139.90145	10.109909	1	-0.000031	-0.000039	-0.000248	0	NaN	NaN	NaN	NaN	NaN
915	560	1	560	1	559.9496	-139.90145	0.036274	1	-0.000029	-0.000038	-0.000259	0	NaN	NaN	NaN	NaN	NaN
916	560	1	560	1	559.9496	-139.90145	-9.970649	1	-0.00004	-0.000032	-0.000291	0	NaN	NaN	NaN	NaN	NaN
917	560	1	560	1	559.9496	-139.90145	-19.910859	1	-0.000029	-0.00003	-0.000237	0	NaN	NaN	NaN	NaN	NaN
918	560	1	560	1	559.9496	-139.90145	-29.917782	1	-0.000036	-0.000023	-0.000245	0	NaN	NaN	NaN	NaN	NaN
919	560	1	560	1	559.9496	-139.90145	-39.991418	1	-0.000027	-0.000037	-0.000285	0	NaN	NaN	NaN	NaN	NaN
920	560	1	560	1	559.9496	-139.90145	-49.864915	1	-0.000038	-0.000034	-0.000257	0	NaN	NaN	NaN	NaN	NaN
921	560	1	560	1	559.9496	-139.90145	-59.938551	1	-0.000028	-0.000032	-0.000276	0	NaN	NaN	NaN	NaN	NaN
922	560	1	560	1	559.9496	-139.90145	-69.945473	1	-0.000031	-0.00003	-0.000232	0	NaN	NaN	NaN	NaN	NaN
923	560	1	560	1	559.9496	-139.90145	-79.885683	1	-0.000032	-0.000034	-0.000228	0	NaN	NaN	NaN	NaN	NaN
924	560	1	560	1	559.9496	-139.90145	-89.959319	1	-0.000039	-0.000037	-0.000266	0	NaN	NaN	NaN	NaN	NaN
925	560	1	560	1	559.9496	-139.90145	-99.966242	1	-0.000033	-0.000036	-0.000242	0	NaN	NaN	NaN	NaN	NaN
926	560	1	560	1	559.9496	-139.90145	-109.973165	1	-0.000032	-0.000041	-0.000253	0	NaN	NaN	NaN	NaN	NaN
927	560	1	560	1	559.9496	-139.90145	-119.913375	1	-0.000042	-0.000032	-0.000263	0	NaN	NaN	NaN	NaN	NaN
928	560	1	560	1	559.9496	-139.90145	-129.987011	1	-0.000035	-0.000026	-0.000268	0	NaN	NaN	NaN	NaN	NaN
929	560	1	560	1	559.9496	-139.90145	-139.993933	1	-0.000049	-0.000038	-0.00024	0	NaN	NaN	NaN	NaN	NaN
930	560	1	560	1	559.9496	-139.90145	-149.934143	1	-0.000032	-0.000033	-0.000259	0	NaN	NaN	NaN	NaN	NaN
931	560	1	560	1	559.9496	-149.975085	150.006691	1	-0.000036	-0.000032	-0.000259	0	NaN	NaN	NaN	NaN	NaN
932	560	1	560	1	559.9496	-149.975085	140.066481	1	-0.000028	-0.000031	-0.000255	0	NaN	NaN	NaN	NaN	NaN
933	560	1	560	1	559.9496	-149.975085	130.059558	1	-0.000032	-0.000032	-0.000251	0	NaN	NaN	NaN	NaN	NaN
934	560	1	560	1	559.9496	-149.975085	119.985922	1	-0.000026	-0.000036	-0.000254	0	NaN	NaN	NaN	NaN	NaN
935	560	1	560	1	559.9496	-149.975085	110.112425	1	-0.000028	-0.000035	-0.000253	0	NaN	NaN	NaN	NaN	NaN
936	560	1	560	1	559.9496	-149.975085	100.038789	1	-0.00004	-0.000032	-0.00028	0	NaN	NaN	NaN	NaN	NaN
937	560	1	560	1	559.9496	-149.975085	90.031867	1	-0.000028	-0.000032	-0.000266	0	NaN	NaN	NaN	NaN	NaN
938	560	1	560	1	559.9496	-149.975085	80.091657	1	-0.000036	-0.000039	-0.000281	0	NaN	NaN	NaN	NaN	NaN
939	560	1	560	1	559.9496	-149.975085	70.084734	1	-0.000028	-0.000037	-0.000271	0	NaN	NaN	NaN	NaN	NaN
940	560	1	560	1	559.9496	-149.975085	60.011098	1	-0.000035	-0.000036	-0.000258	0	NaN	NaN	NaN	NaN	NaN
941	560	1	560	1	559.9496	-149.975085	50.004175	1	-0.000034	-0.000036	-0.000227	0	NaN	NaN	NaN	NaN	NaN
942	560	1	560	1	559.9496	-149.975085	40.063965	1	-0.000039	-0.000031	-0.000227	0	NaN	NaN	NaN	NaN	NaN
943	560	1	560	1	559.9496	-149.975085	30.057042	1	-0.000037	-0.000039	-0.00026	0	NaN	NaN	NaN	NaN	NaN
944	560	1	560	1	559.9496	-149.975085	19.983407	1	-0.000035	-0.000037	-0.000258	0	NaN	NaN	NaN	NaN	NaN
945	560	1	560	1	559.9496	-149.975085	10.109909	1	-0.000025	-0.000033	-0.000232	0	NaN	NaN	NaN	NaN	NaN
946	560	1	560	1	559.9496	-149.975085	0.036274	1	-0.000032	-0.000038	-0.000272	0	NaN	NaN	NaN	NaN	NaN
947	560	1	560	1	559.9496	-149.975085	-9.970649	1	-0.000039	-0.000032	-0.00026	0	NaN	NaN	NaN	NaN	NaN
948	560	1	560	1	559.9496	-149.975085	-19.910859	1	-0.000027	-0.000032	-0.000251	0	NaN	NaN	NaN	NaN	NaN
949	560	1	560	1	559.9496	-149.975085	-29.917782	1	-0.000027	-0.000027	-0.000264	0	NaN	NaN	NaN	NaN	NaN
950	560	1	560	1	559.9496	-149.975085	-39.991418	1	-0.000032	-0.000036	-0.000254	0	NaN	NaN	NaN	NaN	NaN
951	560	1	560	1	559.9496	-149.975085	-49.864915	1	-0.000034	-0.000028	-0.00026	0	NaN	NaN	NaN	NaN	NaN
952	560	1	560	1	559.9496	-149.975085	-59.938551	1	-0.000031	-0.000042	-0.000249	0	NaN	NaN	NaN	NaN	NaN
953	560	1	560	1	559.9496	-149.975085	-69.945473	1	-0.000032	-0.000038	-0.00028	0	NaN	NaN	NaN	NaN	NaN
954	560	1	560	1	559.9496	-149.975085	-79.885683	1	-0.000029	-0.000031	-0.000272	0	NaN	NaN	NaN	NaN	NaN
955	560	1	560	1	559.9496	-149.975085	-89.959319	1	-0.000028	-0.00004	-0.000226	0	NaN	NaN	NaN	NaN	NaN
956	560	1	560	1	559.9496	-149.975085	-99.966242	1	-0.000032	-0.000033	-0.000258	0	NaN	NaN	NaN	NaN	NaN
957	560	1	560	1	559.9496	-149.975085	-109.973165	1	-0.000028	-0.000032	-0.000235	0	NaN	NaN	NaN	NaN	NaN
958	560	1	560	1	559.9496	-149.975085	-119.913375	1	-0.000043	-0.000034	-0.000257	0	NaN	NaN	NaN	NaN	NaN
959	560	1	560	1	559.9496	-149.975085	-129.987011	1	-0.000043	-0.000038	-0.000249	0	NaN	NaN	NaN	NaN	NaN
960	560	1	560	1	559.9496	-149.975085	-139.993933	1	-0.000034	-0.000036	-0.000264	0	NaN	NaN	NaN	NaN	NaN
961	560	1	560	1	559.9496	-149.975085	-149.934143	1	-0.000048	-0.000043	-0.000233	0	NaN	NaN	NaN	NaN	NaN
