1.000000	598.802395	1.000000	602.409639	1.000000	598.795300	-99.840848	-99.993254	0.038529	-0.000028	-0.000030	-0.000256	0.000000	NaN	NaN	NaN	NaN	NaN
2.000000	598.802395	1.000000	598.802395	1.000000	598.795300	-99.824715	-99.980782	0.078520	-0.000027	-0.000033	-0.000245	0.000000	NaN	NaN	NaN	NaN	NaN
3.000000	598.802395	1.000000	595.238095	1.000000	598.795300	-99.800143	-99.929454	0.084811	-0.000028	-0.000033	-0.000257	0.000000	NaN	NaN	NaN	NaN	NaN
4.000000	598.802395	1.000000	591.715976	1.000000	598.795300	-99.899978	-99.985930	0.054760	-0.000030	-0.000032	-0.000252	0.000000	NaN	NaN	NaN	NaN	NaN
5.000000	598.802395	1.000000	588.235294	1.000000	598.795300	-99.861396	-99.899468	0.018524	-0.000029	-0.000034	-0.000253	0.000000	NaN	NaN	NaN	NaN	NaN
6.000000	598.802395	1.000000	584.795322	1.000000	598.795300	-99.895352	-99.895093	0.009359	-0.000030	-0.000033	-0.000255	0.000000	NaN	NaN	NaN	NaN	NaN
7.000000	598.802395	1.000000	581.395349	1.000000	598.795300	-99.883881	-99.895348	0.005921	-0.000032	-0.000030	-0.000250	0.000000	NaN	NaN	NaN	NaN	NaN
8.000000	598.802395	1.000000	578.034682	1.000000	598.795300	-99.842388	-99.940534	0.005727	-0.000030	-0.000033	-0.000257	0.000000	NaN	NaN	NaN	NaN	NaN
9.000000	598.802395	1.000000	574.712644	1.000000	598.795300	-99.757152	-99.903446	0.020014	-0.000029	-0.000034	-0.000250	0.000000	NaN	NaN	NaN	NaN	NaN
10.000000	598.802395	1.000000	571.428571	1.000000	598.795300	-99.787629	-99.932435	0.051459	-0.000028	-0.000032	-0.000239	0.000000	NaN	NaN	NaN	NaN	NaN
11.000000	598.802395	1.000000	568.181818	1.000000	598.795300	-99.834894	-99.924844	0.041474	-0.000028	-0.000032	-0.000249	0.000000	NaN	NaN	NaN	NaN	NaN
12.000000	598.802395	1.000000	564.971751	1.000000	598.795300	-99.873381	-99.938197	0.010359	-0.000026	-0.000032	-0.000247	0.000000	NaN	NaN	NaN	NaN	NaN
13.000000	598.802395	1.000000	561.797753	1.000000	598.795300	-99.783843	-99.869523	-0.007170	-0.000028	-0.000032	-0.000245	0.000000	NaN	NaN	NaN	NaN	NaN
14.000000	598.802395	1.000000	558.659218	1.000000	598.795300	-99.856925	-99.920036	-0.009549	-0.000028	-0.000033	-0.000260	0.000000	NaN	NaN	NaN	NaN	NaN
15.000000	598.802395	1.000000	555.555556	1.000000	598.795300	-99.854189	-99.969997	0.008860	-0.000029	-0.000032	-0.000255	0.000000	NaN	NaN	NaN	NaN	NaN
16.000000	598.802395	1.000000	552.486188	1.000000	598.795300	-99.869583	-99.959339	-0.006379	-0.000027	-0.000031	-0.000253	0.000000	NaN	NaN	NaN	NaN	NaN
17.000000	598.802395	1.000000	549.450549	1.000000	598.795300	-99.804787	-99.927422	-0.004292	-0.000026	-0.000034	-0.000256	0.000000	NaN	NaN	NaN	NaN	NaN
18.000000	598.802395	1.000000	546.448087	1.000000	598.795300	-99.813297	-99.978757	0.010968	-0.000029	-0.000032	-0.000255	0.000000	NaN	NaN	NaN	NaN	NaN
19.000000	598.802395	1.000000	543.478261	1.000000	598.795300	-99.889680	-99.971925	-0.016103	-0.000029	-0.000033	-0.000244	0.000000	NaN	NaN	NaN	NaN	NaN
20.000000	598.802395	1.000000	540.540541	1.000000	598.795300	-99.853841	-99.923318	0.014196	-0.000029	-0.000033	-0.000239	0.000000	NaN	NaN	NaN	NaN	NaN
21.000000	598.802395	1.000000	537.634409	1.000000	598.795300	-99.808505	-99.917607	-0.004754	-0.000028	-0.000033	-0.000249	0.000000	NaN	NaN	NaN	NaN	NaN
22.000000	598.802395	1.000000	534.759358	1.000000	598.795300	-99.785624	-99.919050	-0.007899	-0.000028	-0.000031	-0.000234	0.000000	NaN	NaN	NaN	NaN	NaN
23.000000	595.238095	1.000000	602.409639	1.000000	595.283000	-99.796496	-99.948902	0.028851	-0.000029	-0.000033	-0.000242	0.000000	NaN	NaN	NaN	NaN	NaN
24.000000	595.238095	1.000000	598.802395	1.000000	595.283000	-99.780364	-99.936430	0.048371	-0.000029	-0.000032	-0.000249	0.000000	NaN	NaN	NaN	NaN	NaN
25.000000	595.238095	1.000000	595.238095	1.000000	595.283000	-99.889218	-100.085241	0.073929	-0.000027	-0.000032	-0.000243	0.000000	NaN	NaN	NaN	NaN	NaN
26.000000	595.238095	1.000000	591.715976	1.000000	595.283000	-99.855626	-99.941579	0.062162	-0.000029	-0.000032	-0.000250	0.000000	NaN	NaN	NaN	NaN	NaN
27.000000	595.238095	1.000000	588.235294	1.000000	595.283000	-99.817045	-99.988543	0.050903	-0.000027	-0.000033	-0.000246	0.000000	NaN	NaN	NaN	NaN	NaN
28.000000	595.238095	1.000000	584.795322	1.000000	595.283000	-99.851001	-99.984168	0.023651	-0.000030	-0.000034	-0.000257	0.000000	NaN	NaN	NaN	NaN	NaN
29.000000	595.238095	1.000000	581.395349	1.000000	595.283000	-99.839530	-99.984422	0.008837	-0.000029	-0.000032	-0.000242	0.000000	NaN	NaN	NaN	NaN	NaN
30.000000	595.238095	1.000000	578.034682	1.000000	595.283000	-99.798037	-100.029608	0.009513	-0.000028	-0.000032	-0.000249	0.000000	NaN	NaN	NaN	NaN	NaN
31.000000	595.238095	1.000000	574.712644	1.000000	595.283000	-99.846227	-99.859095	0.020379	-0.000030	-0.000034	-0.000254	0.000000	NaN	NaN	NaN	NaN	NaN
32.000000	595.238095	1.000000	571.428571	1.000000	595.283000	-99.876704	-100.021509	0.030786	-0.000029	-0.000033	-0.000264	0.000000	NaN	NaN	NaN	NaN	NaN
33.000000	595.238095	1.000000	568.181818	1.000000	595.283000	-99.790542	-100.013918	0.049420	-0.000026	-0.000033	-0.000250	0.000000	NaN	NaN	NaN	NaN	NaN
34.000000	595.238095	1.000000	564.971751	1.000000	595.283000	-99.829030	-99.960558	0.010786	-0.000030	-0.000033	-0.000255	0.000000	NaN	NaN	NaN	NaN	NaN
35.000000	595.238095	1.000000	561.797753	1.000000	595.283000	-99.872917	-99.958598	0.002643	-0.000030	-0.000033	-0.000259	0.000000	NaN	NaN	NaN	NaN	NaN
36.000000	595.238095	1.000000	558.659218	1.000000	595.283000	-99.812574	-100.009111	-0.010517	-0.000028	-0.000031	-0.000249	0.000000	NaN	NaN	NaN	NaN	NaN
37.000000	595.238095	1.000000	555.555556	1.000000	595.283000	-99.809838	-99.992358	0.022166	-0.000029	-0.000031	-0.000250	0.000000	NaN	NaN	NaN	NaN	NaN
38.000000	595.238095	1.000000	552.486188	1.000000	595.283000	-99.825232	-99.914988	-0.015909	-0.000030	-0.000036	-0.000244	0.000000	NaN	NaN	NaN	NaN	NaN
39.000000	595.238095	1.000000	549.450549	1.000000	595.283000	-99.893861	-99.883071	0.008715	-0.000029	-0.000033	-0.000253	0.000000	NaN	NaN	NaN	NaN	NaN
40.000000	595.238095	1.000000	546.448087	1.000000	595.283000	-99.902371	-99.934405	0.025139	-0.000032	-0.000032	-0.000251	0.000000	NaN	NaN	NaN	NaN	NaN
41.000000	595.238095	1.000000	543.478261	1.000000	595.283000	-99.845328	-99.927573	-0.011400	-0.000030	-0.000033	-0.000250	0.000000	NaN	NaN	NaN	NaN	NaN
42.000000	595.238095	1.000000	540.540541	1.000000	595.283000	-99.809490	-100.012392	0.023765	-0.000029	-0.000030	-0.000238	0.000000	NaN	NaN	NaN	NaN	NaN
43.000000	595.238095	1.000000	537.634409	1.000000	595.283000	-99.764154	-100.006681	-0.021440	-0.000028	-0.000033	-0.000249	0.000000	NaN	NaN	NaN	NaN	NaN
44.000000	595.238095	1.000000	534.759358	1.000000	595.283000	-99.874699	-99.874699	-0.010303	-0.000031	-0.000033	-0.000237	0.000000	NaN	NaN	NaN	NaN	NaN
45.000000	591.715976	1.000000	602.409639	1.000000	591.770400	-99.873245	-99.892225	0.018296	-0.000028	-0.000031	-0.000237	0.000000	NaN	NaN	NaN	NaN	NaN
46.000000	591.715976	1.000000	598.802395	1.000000	591.770400	-99.857112	-100.013179	0.028742	-0.000031	-0.000034	-0.000243	0.000000	NaN	NaN	NaN	NaN	NaN
47.000000	591.715976	1.000000	595.238095	1.000000	591.770400	-99.832541	-99.961851	0.041905	-0.000028	-0.000034	-0.000248	0.000000	NaN	NaN	NaN	NaN	NaN
48.000000	591.715976	1.000000	591.715976	1.000000	591.770400	-99.798949	-99.884902	0.049688	-0.000027	-0.000030	-0.000250	0.000000	NaN	NaN	NaN	NaN	NaN
49.000000	591.715976	1.000000	588.235294	1.000000	591.770400	-99.893794	-99.931865	0.094280	-0.000023	-0.000031	-0.000249	0.000000	NaN	NaN	NaN	NaN	NaN
50.000000	591.715976	1.000000	584.795322	1.000000	591.770400	-99.794324	-99.927490	0.027387	-0.000027	-0.000032	-0.000243	0.000000	NaN	NaN	NaN	NaN	NaN
51.000000	591.715976	1.000000	581.395349	1.000000	591.770400	-99.782853	-99.927745	0.011880	-0.000028	-0.000032	-0.000253	0.000000	NaN	NaN	NaN	NaN	NaN
52.000000	591.715976	1.000000	578.034682	1.000000	591.770400	-99.874785	-99.972931	0.019800	-0.000027	-0.000032	-0.000250	0.000000	NaN	NaN	NaN	NaN	NaN
53.000000	591.715976	1.000000	574.712644	1.000000	591.770400	-99.856262	-99.935843	0.000712	-0.000029	-0.000031	-0.000252	0.000000	NaN	NaN	NaN	NaN	NaN
54.000000	591.715976	1.000000	571.428571	1.000000	591.770400	-99.820027	-99.964832	0.014286	-0.000028	-0.000034	-0.000257	0.000000	NaN	NaN	NaN	NaN	NaN
55.000000	591.715976	1.000000	568.181818	1.000000	591.770400	-99.867291	-99.957241	0.080941	-0.000025	-0.000033	-0.000259	0.000000	NaN	NaN	NaN	NaN	NaN
56.000000	591.715976	1.000000	564.971751	1.000000	591.770400	-99.905778	-99.970594	0.022413	-0.000028	-0.000033	-0.000264	0.000000	NaN	NaN	NaN	NaN	NaN
57.000000	591.715976	1.000000	561.797753	1.000000	591.770400	-99.816240	-99.968633	0.016866	-0.000027	-0.000035	-0.000258	0.000000	NaN	NaN	NaN	NaN	NaN
58.000000	591.715976	1.000000	558.659218	1.000000	591.770400	-99.889322	-99.952434	-0.016929	-0.000029	-0.000033	-0.000263	0.000000	NaN	NaN	NaN	NaN	NaN
59.000000	591.715976	1.000000	555.555556	1.000000	591.770400	-99.886586	-99.935681	0.060765	-0.000029	-0.000035	-0.000262	0.000000	NaN	NaN	NaN	NaN	NaN
60.000000	591.715976	1.000000	552.486188	1.000000	591.770400	-99.901980	-99.991737	-0.019646	-0.000032	-0.000035	-0.000263	0.000000	NaN	NaN	NaN	NaN	NaN
61.000000	591.715976	1.000000	549.450549	1.000000	591.770400	-99.837184	-99.959819	0.036907	-0.000028	-0.000033	-0.000261	0.000000	NaN	NaN	NaN	NaN	NaN
62.000000	591.715976	1.000000	546.448087	1.000000	591.770400	-99.845694	-99.877728	0.034943	-0.000028	-0.000032	-0.000254	0.000000	NaN	NaN	NaN	NaN	NaN
63.000000	591.715976	1.000000	543.478261	1.000000	591.770400	-99.922077	-100.004322	-0.025109	-0.000027	-0.000033	-0.000250	0.000000	NaN	NaN	NaN	NaN	NaN
64.000000	591.715976	1.000000	540.540541	1.000000	591.770400	-99.819526	-99.955715	0.036702	-0.000029	-0.000032	-0.000250	0.000000	NaN	NaN	NaN	NaN	NaN
65.000000	591.715976	1.000000	537.634409	1.000000	591.770400	-99.840902	-99.950004	-0.021531	-0.000028	-0.000033	-0.000249	0.000000	NaN	NaN	NaN	NaN	NaN
66.000000	591.715976	1.000000	534.759358	1.000000	591.770400	-99.818021	-99.951447	-0.018294	-0.000029	-0.000032	-0.000255	0.000000	NaN	NaN	NaN	NaN	NaN
67.000000	588.235294	1.000000	602.409639	1.000000	588.257900	-99.841974	-99.994380	0.005758	-0.000028	-0.000031	-0.000251	0.000000	NaN	NaN	NaN	NaN	NaN
68.000000	588.235294	1.000000	598.802395	1.000000	588.257900	-99.825842	-99.915195	0.024434	-0.000030	-0.000032	-0.000258	0.000000	NaN	NaN	NaN	NaN	NaN
69.000000	588.235294	1.000000	595.238095	1.000000	588.257900	-99.867983	-99.997293	0.029650	-0.000027	-0.000033	-0.000250	0.000000	NaN	NaN	NaN	NaN	NaN
70.000000	588.235294	1.000000	591.715976	1.000000	588.257900	-99.834392	-99.987057	0.050888	-0.000026	-0.000033	-0.000254	0.000000	NaN	NaN	NaN	NaN	NaN
71.000000	588.235294	1.000000	588.235294	1.000000	588.257900	-99.795810	-99.900595	0.076518	-0.000028	-0.000031	-0.000247	0.000000	NaN	NaN	NaN	NaN	NaN
72.000000	588.235294	1.000000	584.795322	1.000000	588.257900	-99.829766	-99.962933	0.053434	-0.000028	-0.000031	-0.000259	0.000000	NaN	NaN	NaN	NaN	NaN
73.000000	588.235294	1.000000	581.395349	1.000000	588.257900	-99.818295	-99.896474	0.035496	-0.000030	-0.000032	-0.000255	0.000000	NaN	NaN	NaN	NaN	NaN
74.000000	588.235294	1.000000	578.034682	1.000000	588.257900	-99.843514	-99.874948	0.065304	-0.000030	-0.000033	-0.000264	0.000000	NaN	NaN	NaN	NaN	NaN
75.000000	588.235294	1.000000	574.712644	1.000000	588.257900	-99.891704	-99.904573	-0.004189	-0.000031	-0.000034	-0.000255	0.000000	NaN	NaN	NaN	NaN	NaN
76.000000	588.235294	1.000000	571.428571	1.000000	588.257900	-99.788756	-99.933561	0.012165	-0.000029	-0.000031	-0.000258	0.000000	NaN	NaN	NaN	NaN	NaN
77.000000	588.235294	1.000000	568.181818	1.000000	588.257900	-99.836020	-99.859257	0.195615	-0.000022	-0.000032	-0.000244	0.000000	NaN	NaN	NaN	NaN	NaN
78.000000	588.235294	1.000000	564.971751	1.000000	588.257900	-99.807795	-100.006036	0.102782	-0.000028	-0.000032	-0.000248	0.000000	NaN	NaN	NaN	NaN	NaN
79.000000	588.235294	1.000000	561.797753	1.000000	588.257900	-99.784969	-100.004075	0.024938	-0.000028	-0.000033	-0.000256	0.000000	NaN	NaN	NaN	NaN	NaN
80.000000	588.235294	1.000000	558.659218	1.000000	588.257900	-99.791339	-99.987876	-0.014952	-0.000030	-0.000032	-0.000256	0.000000	NaN	NaN	NaN	NaN	NaN
81.000000	588.235294	1.000000	555.555556	1.000000	588.257900	-99.855316	-99.971124	0.098982	-0.000027	-0.000034	-0.000256	0.000000	NaN	NaN	NaN	NaN	NaN
82.000000	588.235294	1.000000	552.486188	1.000000	588.257900	-99.803997	-99.893753	-0.007565	-0.000032	-0.000033	-0.000259	0.000000	NaN	NaN	NaN	NaN	NaN
83.000000	588.235294	1.000000	549.450549	1.000000	588.257900	-99.872626	-99.928548	0.050561	-0.000029	-0.000033	-0.000256	0.000000	NaN	NaN	NaN	NaN	NaN
84.000000	588.235294	1.000000	546.448087	1.000000	588.257900	-99.814423	-99.979883	0.028614	-0.000029	-0.000035	-0.000253	0.000000	NaN	NaN	NaN	NaN	NaN
85.000000	588.235294	1.000000	543.478261	1.000000	588.257900	-99.824093	-99.906338	-0.026946	-0.000030	-0.000034	-0.000248	0.000000	NaN	NaN	NaN	NaN	NaN
86.000000	588.235294	1.000000	540.540541	1.000000	588.257900	-99.854968	-99.991157	0.033438	-0.000033	-0.000031	-0.000253	0.000000	NaN	NaN	NaN	NaN	NaN
87.000000	588.235294	1.000000	537.634409	1.000000	588.257900	-99.809632	-99.918733	-0.027544	-0.000029	-0.000031	-0.000265	0.000000	NaN	NaN	NaN	NaN	NaN
88.000000	588.235294	1.000000	534.759358	1.000000	588.257900	-99.786751	-99.920176	-0.023519	-0.000029	-0.000032	-0.000248	0.000000	NaN	NaN	NaN	NaN	NaN
89.000000	584.795322	1.000000	602.409639	1.000000	584.745400	-99.822383	-100.041502	0.003905	-0.000030	-0.000034	-0.000255	0.000000	NaN	NaN	NaN	NaN	NaN
90.000000	584.795322	1.000000	598.802395	1.000000	584.745400	-99.806251	-99.895604	0.019288	-0.000028	-0.000032	-0.000250	0.000000	NaN	NaN	NaN	NaN	NaN
91.000000	584.795322	1.000000	595.238095	1.000000	584.745400	-99.848392	-99.977702	0.063156	-0.000026	-0.000033	-0.000258	0.000000	NaN	NaN	NaN	NaN	NaN
92.000000	584.795322	1.000000	591.715976	1.000000	584.745400	-99.814801	-99.967466	0.071803	-0.000026	-0.000031	-0.000244	0.000000	NaN	NaN	NaN	NaN	NaN
93.000000	584.795322	1.000000	588.235294	1.000000	584.745400	-99.776219	-100.014429	0.064974	-0.000030	-0.000032	-0.000254	0.000000	NaN	NaN	NaN	NaN	NaN
94.000000	584.795322	1.000000	584.795322	1.000000	584.745400	-99.810175	-99.943342	0.088413	-0.000027	-0.000033	-0.000261	0.000000	NaN	NaN	NaN	NaN	NaN
95.000000	584.795322	1.000000	581.395349	1.000000	584.745400	-99.798704	-100.010309	0.093803	-0.000026	-0.000032	-0.000255	0.000000	NaN	NaN	NaN	NaN	NaN
96.000000	584.795322	1.000000	578.034682	1.000000	584.745400	-99.823923	-99.988782	0.116059	-0.000027	-0.000033	-0.000252	0.000000	NaN	NaN	NaN	NaN	NaN
97.000000	584.795322	1.000000	574.712644	1.000000	584.745400	-99.872113	-99.884982	-0.002593	-0.000028	-0.000034	-0.000254	0.000000	NaN	NaN	NaN	NaN	NaN
98.000000	584.795322	1.000000	571.428571	1.000000	584.745400	-99.902591	-99.980683	0.002762	-0.000029	-0.000033	-0.000247	0.000000	NaN	NaN	NaN	NaN	NaN
99.000000	584.795322	1.000000	568.181818	1.000000	584.745400	-99.816429	-99.973092	0.168778	-0.000026	-0.000032	-0.000252	0.000000	NaN	NaN	NaN	NaN	NaN
100.000000	584.795322	1.000000	564.971751	1.000000	584.745400	-99.788204	-99.986445	0.040123	-0.000029	-0.000034	-0.000250	0.000000	NaN	NaN	NaN	NaN	NaN
101.000000	584.795322	1.000000	561.797753	1.000000	584.745400	-99.898804	-99.984484	0.141613	-0.000026	-0.000032	-0.000245	0.000000	NaN	NaN	NaN	NaN	NaN
102.000000	584.795322	1.000000	558.659218	1.000000	584.745400	-99.771748	-99.968285	0.042952	-0.000028	-0.000031	-0.000251	0.000000	NaN	NaN	NaN	NaN	NaN
103.000000	584.795322	1.000000	555.555556	1.000000	584.745400	-99.835725	-99.951533	0.186063	-0.000023	-0.000031	-0.000241	0.000000	NaN	NaN	NaN	NaN	NaN
104.000000	584.795322	1.000000	552.486188	1.000000	584.745400	-99.784406	-99.874162	-0.028391	-0.000027	-0.000033	-0.000252	0.000000	NaN	NaN	NaN	NaN	NaN
105.000000	584.795322	1.000000	549.450549	1.000000	584.745400	-99.853035	-99.908958	0.011706	-0.000028	-0.000032	-0.000243	0.000000	NaN	NaN	NaN	NaN	NaN
106.000000	584.795322	1.000000	546.448087	1.000000	584.745400	-99.861545	-99.960292	0.121211	-0.000027	-0.000030	-0.000249	0.000000	NaN	NaN	NaN	NaN	NaN
107.000000	584.795322	1.000000	543.478261	1.000000	584.745400	-99.804502	-99.886748	-0.044465	-0.000030	-0.000031	-0.000251	0.000000	NaN	NaN	NaN	NaN	NaN
108.000000	584.795322	1.000000	540.540541	1.000000	584.745400	-99.835377	-99.971566	0.047593	-0.000028	-0.000031	-0.000248	0.000000	NaN	NaN	NaN	NaN	NaN
109.000000	584.795322	1.000000	537.634409	1.000000	584.745400	-99.790041	-99.965855	-0.005768	-0.000027	-0.000031	-0.000251	0.000000	NaN	NaN	NaN	NaN	NaN
110.000000	584.795322	1.000000	534.759358	1.000000	584.745400	-99.900586	-99.900586	-0.006401	-0.000028	-0.000030	-0.000254	0.000000	NaN	NaN	NaN	NaN	NaN
111.000000	581.395349	1.000000	602.409639	1.000000	581.439400	-99.802726	-99.955131	-0.006526	-0.000029	-0.000030	-0.000241	0.000000	NaN	NaN	NaN	NaN	NaN
112.000000	581.395349	1.000000	598.802395	1.000000	581.439400	-99.786593	-99.942660	0.000056	-0.000028	-0.000033	-0.000256	0.000000	NaN	NaN	NaN	NaN	NaN
113.000000	581.395349	1.000000	595.238095	1.000000	581.439400	-99.895447	-99.891331	0.004193	-0.000028	-0.000032	-0.000251	0.000000	NaN	NaN	NaN	NaN	NaN
114.000000	581.395349	1.000000	591.715976	1.000000	581.439400	-99.861856	-99.947808	0.061178	-0.000025	-0.000029	-0.000253	0.000000	NaN	NaN	NaN	NaN	NaN
115.000000	581.395349	1.000000	588.235294	1.000000	581.439400	-99.823274	-99.928059	0.037293	-0.000027	-0.000032	-0.000252	0.000000	NaN	NaN	NaN	NaN	NaN
116.000000	581.395349	1.000000	584.795322	1.000000	581.439400	-99.857230	-99.990397	0.077747	-0.000029	-0.000033	-0.000253	0.000000	NaN	NaN	NaN	NaN	NaN
117.000000	581.395349	1.000000	581.395349	1.000000	581.439400	-99.845759	-99.923938	0.066934	-0.000029	-0.000031	-0.000244	0.000000	NaN	NaN	NaN	NaN	NaN
118.000000	581.395349	1.000000	578.034682	1.000000	581.439400	-99.804266	-99.902412	0.087090	-0.000027	-0.000031	-0.000249	0.000000	NaN	NaN	NaN	NaN	NaN
119.000000	581.395349	1.000000	574.712644	1.000000	581.439400	-99.785743	-99.932037	0.007303	-0.000028	-0.000032	-0.000244	0.000000	NaN	NaN	NaN	NaN	NaN
120.000000	581.395349	1.000000	571.428571	1.000000	581.439400	-99.816220	-99.894313	0.107963	-0.000026	-0.000032	-0.000245	0.000000	NaN	NaN	NaN	NaN	NaN
121.000000	581.395349	1.000000	568.181818	1.000000	581.439400	-99.796771	-99.886722	0.101869	-0.000027	-0.000032	-0.000240	0.000000	NaN	NaN	NaN	NaN	NaN
122.000000	581.395349	1.000000	564.971751	1.000000	581.439400	-99.835259	-99.900075	0.046787	-0.000026	-0.000032	-0.000251	0.000000	NaN	NaN	NaN	NaN	NaN
123.000000	581.395349	1.000000	561.797753	1.000000	581.439400	-99.812434	-100.031540	0.051872	-0.000026	-0.000030	-0.000257	0.000000	NaN	NaN	NaN	NaN	NaN
124.000000	581.395349	1.000000	558.659218	1.000000	581.439400	-99.818803	-100.015340	0.138763	-0.000026	-0.000032	-0.000248	0.000000	NaN	NaN	NaN	NaN	NaN
125.000000	581.395349	1.000000	555.555556	1.000000	581.439400	-99.816067	-99.998588	0.167936	-0.000029	-0.000029	-0.000246	0.000000	NaN	NaN	NaN	NaN	NaN
126.000000	581.395349	1.000000	552.486188	1.000000	581.439400	-99.831461	-99.921217	0.007309	-0.000027	-0.000032	-0.000238	0.000000	NaN	NaN	NaN	NaN	NaN
127.000000	581.395349	1.000000	549.450549	1.000000	581.439400	-99.900090	-99.889300	0.060886	-0.000029	-0.000031	-0.000254	0.000000	NaN	NaN	NaN	NaN	NaN
128.000000	581.395349	1.000000	546.448087	1.000000	581.439400	-99.775174	-99.940634	0.084053	-0.000027	-0.000031	-0.000260	0.000000	NaN	NaN	NaN	NaN	NaN
129.000000	581.395349	1.000000	543.478261	1.000000	581.439400	-99.851557	-99.933803	-0.029764	-0.000028	-0.000033	-0.000248	0.000000	NaN	NaN	NaN	NaN	NaN
130.000000	581.395349	1.000000	540.540541	1.000000	581.439400	-99.882432	-99.885196	0.013454	-0.000030	-0.000033	-0.000254	0.000000	NaN	NaN	NaN	NaN	NaN
131.000000	581.395349	1.000000	537.634409	1.000000	581.439400	-99.837096	-99.879485	-0.006458	-0.000030	-0.000031	-0.000249	0.000000	NaN	NaN	NaN	NaN	NaN
132.000000	581.395349	1.000000	534.759358	1.000000	581.439400	-99.747502	-99.947641	-0.003411	-0.000027	-0.000031	-0.000257	0.000000	NaN	NaN	NaN	NaN	NaN
133.000000	578.034682	1.000000	602.409639	1.000000	578.133400	-99.794270	-99.946676	0.003770	-0.000028	-0.000031	-0.000243	0.000000	NaN	NaN	NaN	NaN	NaN
134.000000	578.034682	1.000000	598.802395	1.000000	578.133400	-99.911563	-99.934204	0.051104	-0.000029	-0.000033	-0.000251	0.000000	NaN	NaN	NaN	NaN	NaN
135.000000	578.034682	1.000000	595.238095	1.000000	578.133400	-99.820279	-99.949589	0.059322	-0.000022	-0.000034	-0.000254	0.000000	NaN	NaN	NaN	NaN	NaN
136.000000	578.034682	1.000000	591.715976	1.000000	578.133400	-99.786688	-99.939353	0.055436	-0.000025	-0.000033	-0.000252	0.000000	NaN	NaN	NaN	NaN	NaN
137.000000	578.034682	1.000000	588.235294	1.000000	578.133400	-99.748106	-99.986317	0.030118	-0.000029	-0.000031	-0.000243	0.000000	NaN	NaN	NaN	NaN	NaN
138.000000	578.034682	1.000000	584.795322	1.000000	578.133400	-99.782062	-99.981942	0.091273	-0.000026	-0.000029	-0.000248	0.000000	NaN	NaN	NaN	NaN	NaN
139.000000	578.034682	1.000000	581.395349	1.000000	578.133400	-99.770591	-99.982196	0.136107	-0.000024	-0.000029	-0.000254	0.000000	NaN	NaN	NaN	NaN	NaN
140.000000	578.034682	1.000000	578.034682	1.000000	578.133400	-99.862523	-99.960669	0.142211	-0.000023	-0.000033	-0.000244	0.000000	NaN	NaN	NaN	NaN	NaN
141.000000	578.034682	1.000000	574.712644	1.000000	578.133400	-99.844001	-99.990294	0.215008	-0.000022	-0.000032	-0.000257	0.000000	NaN	NaN	NaN	NaN	NaN
142.000000	578.034682	1.000000	571.428571	1.000000	578.133400	-99.874478	-99.952570	0.265915	-0.000023	-0.000030	-0.000247	0.000000	NaN	NaN	NaN	NaN	NaN
143.000000	578.034682	1.000000	568.181818	1.000000	578.133400	-99.855029	-99.944979	0.275878	-0.000025	-0.000031	-0.000257	0.000000	NaN	NaN	NaN	NaN	NaN
144.000000	578.034682	1.000000	564.971751	1.000000	578.133400	-99.760091	-99.958333	0.267675	-0.000022	-0.000031	-0.000260	0.000000	NaN	NaN	NaN	NaN	NaN
145.000000	578.034682	1.000000	561.797753	1.000000	578.133400	-99.870691	-99.956372	0.089706	-0.000029	-0.000033	-0.000249	0.000000	NaN	NaN	NaN	NaN	NaN
146.000000	578.034682	1.000000	558.659218	1.000000	578.133400	-99.810348	-99.940172	0.049952	-0.000028	-0.000032	-0.000250	0.000000	NaN	NaN	NaN	NaN	NaN
147.000000	578.034682	1.000000	555.555556	1.000000	578.133400	-99.807612	-99.923420	0.143607	-0.000028	-0.000034	-0.000263	0.000000	NaN	NaN	NaN	NaN	NaN
148.000000	578.034682	1.000000	552.486188	1.000000	578.133400	-99.823006	-99.979475	0.148584	-0.000025	-0.000029	-0.000249	0.000000	NaN	NaN	NaN	NaN	NaN
149.000000	578.034682	1.000000	549.450549	1.000000	578.133400	-99.824922	-100.014270	0.138519	-0.000026	-0.000034	-0.000253	0.000000	NaN	NaN	NaN	NaN	NaN
150.000000	578.034682	1.000000	546.448087	1.000000	578.133400	-99.900145	-99.932179	0.094761	-0.000025	-0.000030	-0.000247	0.000000	NaN	NaN	NaN	NaN	NaN
151.000000	578.034682	1.000000	543.478261	1.000000	578.133400	-99.776389	-99.992060	0.019905	-0.000027	-0.000031	-0.000251	0.000000	NaN	NaN	NaN	NaN	NaN
152.000000	578.034682	1.000000	540.540541	1.000000	578.133400	-99.807264	-99.943453	0.023559	-0.000027	-0.000033	-0.000257	0.000000	NaN	NaN	NaN	NaN	NaN
153.000000	578.034682	1.000000	537.634409	1.000000	578.133400	-99.895353	-99.937742	-0.014942	-0.000029	-0.000031	-0.000255	0.000000	NaN	NaN	NaN	NaN	NaN
154.000000	578.034682	1.000000	534.759358	1.000000	578.133400	-99.872473	-100.005898	-0.012353	-0.000027	-0.000030	-0.000247	0.000000	NaN	NaN	NaN	NaN	NaN
155.000000	574.712644	1.000000	602.409639	1.000000	574.620700	-99.817070	-99.969476	-0.005368	-0.000029	-0.000032	-0.000254	0.000000	NaN	NaN	NaN	NaN	NaN
156.000000	574.712644	1.000000	598.802395	1.000000	574.620700	-99.800938	-99.890291	0.022467	-0.000029	-0.000033	-0.000257	0.000000	NaN	NaN	NaN	NaN	NaN
157.000000	574.712644	1.000000	595.238095	1.000000	574.620700	-99.843079	-99.972389	0.032412	-0.000029	-0.000034	-0.000249	0.000000	NaN	NaN	NaN	NaN	NaN
158.000000	574.712644	1.000000	591.715976	1.000000	574.620700	-99.809488	-99.962153	0.040328	-0.000028	-0.000032	-0.000254	0.000000	NaN	NaN	NaN	NaN	NaN
159.000000	574.712644	1.000000	588.235294	1.000000	574.620700	-99.770906	-100.009117	0.061690	-0.000030	-0.000035	-0.000262	0.000000	NaN	NaN	NaN	NaN	NaN
160.000000	574.712644	1.000000	584.795322	1.000000	574.620700	-99.804862	-100.004742	0.095930	-0.000024	-0.000032	-0.000258	0.000000	NaN	NaN	NaN	NaN	NaN
161.000000	574.712644	1.000000	581.395349	1.000000	574.620700	-99.793391	-100.004996	0.119219	-0.000028	-0.000031	-0.000253	0.000000	NaN	NaN	NaN	NaN	NaN
162.000000	574.712644	1.000000	578.034682	1.000000	574.620700	-99.818611	-99.983469	0.186463	-0.000025	-0.000032	-0.000255	0.000000	NaN	NaN	NaN	NaN	NaN
163.000000	574.712644	1.000000	574.712644	1.000000	574.620700	-99.866801	-100.013094	0.323012	-0.000020	-0.000030	-0.000255	0.000000	NaN	NaN	NaN	NaN	NaN
164.000000	574.712644	1.000000	571.428571	1.000000	574.620700	-99.897278	-99.975370	0.349505	-0.000024	-0.000032	-0.000257	0.000000	NaN	NaN	NaN	NaN	NaN
165.000000	574.712644	1.000000	568.181818	1.000000	574.620700	-99.811116	-99.967779	0.185551	-0.000026	-0.000032	-0.000256	0.000000	NaN	NaN	NaN	NaN	NaN
166.000000	574.712644	1.000000	564.971751	1.000000	574.620700	-99.782891	-99.981133	0.318457	-0.000023	-0.000033	-0.000258	0.000000	NaN	NaN	NaN	NaN	NaN
167.000000	574.712644	1.000000	561.797753	1.000000	574.620700	-99.893491	-99.979172	0.077881	-0.000026	-0.000032	-0.000253	0.000000	NaN	NaN	NaN	NaN	NaN
168.000000	574.712644	1.000000	558.659218	1.000000	574.620700	-99.766435	-99.962972	0.036092	-0.000030	-0.000033	-0.000250	0.000000	NaN	NaN	NaN	NaN	NaN
169.000000	574.712644	1.000000	555.555556	1.000000	574.620700	-99.830412	-99.946220	0.208302	-0.000026	-0.000030	-0.000257	0.000000	NaN	NaN	NaN	NaN	NaN
170.000000	574.712644	1.000000	552.486188	1.000000	574.620700	-99.779093	-100.002275	0.069575	-0.000028	-0.000032	-0.000262	0.000000	NaN	NaN	NaN	NaN	NaN
171.000000	574.712644	1.000000	549.450549	1.000000	574.620700	-99.847722	-99.970357	0.135523	-0.000029	-0.000032	-0.000250	0.000000	NaN	NaN	NaN	NaN	NaN
172.000000	574.712644	1.000000	546.448087	1.000000	574.620700	-99.922945	-99.954979	0.045586	-0.000028	-0.000030	-0.000247	0.000000	NaN	NaN	NaN	NaN	NaN
173.000000	574.712644	1.000000	543.478261	1.000000	574.620700	-99.799189	-99.881435	-0.015275	-0.000028	-0.000031	-0.000249	0.000000	NaN	NaN	NaN	NaN	NaN
174.000000	574.712644	1.000000	540.540541	1.000000	574.620700	-99.830064	-99.966253	0.010356	-0.000027	-0.000032	-0.000245	0.000000	NaN	NaN	NaN	NaN	NaN
175.000000	574.712644	1.000000	537.634409	1.000000	574.620700	-99.784728	-99.960542	-0.014229	-0.000029	-0.000031	-0.000253	0.000000	NaN	NaN	NaN	NaN	NaN
176.000000	574.712644	1.000000	534.759358	1.000000	574.620700	-99.895273	-99.895273	-0.009949	-0.000027	-0.000033	-0.000258	0.000000	NaN	NaN	NaN	NaN	NaN
177.000000	571.428571	1.000000	602.409639	1.000000	571.521300	-99.759709	-99.912114	-0.010628	-0.000027	-0.000034	-0.000263	0.000000	NaN	NaN	NaN	NaN	NaN
178.000000	571.428571	1.000000	598.802395	1.000000	571.521300	-99.810289	-99.899642	0.004226	-0.000029	-0.000032	-0.000250	0.000000	NaN	NaN	NaN	NaN	NaN
179.000000	571.428571	1.000000	595.238095	1.000000	571.521300	-99.852430	-99.981740	0.013677	-0.000030	-0.000032	-0.000261	0.000000	NaN	NaN	NaN	NaN	NaN
180.000000	571.428571	1.000000	591.715976	1.000000	571.521300	-99.818839	-99.971504	0.017680	-0.000030	-0.000032	-0.000253	0.000000	NaN	NaN	NaN	NaN	NaN
181.000000	571.428571	1.000000	588.235294	1.000000	571.521300	-99.780257	-100.018467	0.057066	-0.000028	-0.000030	-0.000235	0.000000	NaN	NaN	NaN	NaN	NaN
182.000000	571.428571	1.000000	584.795322	1.000000	571.521300	-99.814213	-99.947380	0.092725	-0.000027	-0.000032	-0.000242	0.000000	NaN	NaN	NaN	NaN	NaN
183.000000	571.428571	1.000000	581.395349	1.000000	571.521300	-99.802742	-100.014347	0.122294	-0.000026	-0.000032	-0.000250	0.000000	NaN	NaN	NaN	NaN	NaN
184.000000	571.428571	1.000000	578.034682	1.000000	571.521300	-99.761249	-99.992820	0.222336	-0.000025	-0.000031	-0.000255	0.000000	NaN	NaN	NaN	NaN	NaN
185.000000	571.428571	1.000000	574.712644	1.000000	571.521300	-99.876151	-100.022445	0.263866	-0.000023	-0.000031	-0.000249	0.000000	NaN	NaN	NaN	NaN	NaN
186.000000	571.428571	1.000000	571.428571	1.000000	571.521300	-99.906629	-99.984721	0.371250	-0.000022	-0.000030	-0.000262	0.000000	NaN	NaN	NaN	NaN	NaN
187.000000	571.428571	1.000000	568.181818	1.000000	571.521300	-99.753754	-99.977130	0.126951	-0.000026	-0.000034	-0.000258	0.000000	NaN	NaN	NaN	NaN	NaN
188.000000	571.428571	1.000000	564.971751	1.000000	571.521300	-99.792242	-99.990483	0.211319	-0.000022	-0.000032	-0.000248	0.000000	NaN	NaN	NaN	NaN	NaN
189.000000	571.428571	1.000000	561.797753	1.000000	571.521300	-99.902842	-99.988522	0.076371	-0.000032	-0.000033	-0.000258	0.000000	NaN	NaN	NaN	NaN	NaN
190.000000	571.428571	1.000000	558.659218	1.000000	571.521300	-99.775786	-99.972323	0.136935	-0.000028	-0.000033	-0.000266	0.000000	NaN	NaN	NaN	NaN	NaN
191.000000	571.428571	1.000000	555.555556	1.000000	571.521300	-99.773050	-99.955571	0.086069	-0.000027	-0.000032	-0.000258	0.000000	NaN	NaN	NaN	NaN	NaN
192.000000	571.428571	1.000000	552.486188	1.000000	571.521300	-99.788444	-100.011626	0.195790	-0.000027	-0.000033	-0.000244	0.000000	NaN	NaN	NaN	NaN	NaN
193.000000	571.428571	1.000000	549.450549	1.000000	571.521300	-99.857073	-99.979708	0.073343	-0.000026	-0.000032	-0.000246	0.000000	NaN	NaN	NaN	NaN	NaN
194.000000	571.428571	1.000000	546.448087	1.000000	571.521300	-99.865583	-99.964330	0.001363	-0.000029	-0.000034	-0.000251	0.000000	NaN	NaN	NaN	NaN	NaN
195.000000	571.428571	1.000000	543.478261	1.000000	571.521300	-99.808540	-99.890786	0.014861	-0.000032	-0.000035	-0.000251	0.000000	NaN	NaN	NaN	NaN	NaN
196.000000	571.428571	1.000000	540.540541	1.000000	571.521300	-99.839415	-99.975604	-0.009519	-0.000029	-0.000032	-0.000257	0.000000	NaN	NaN	NaN	NaN	NaN
197.000000	571.428571	1.000000	537.634409	1.000000	571.521300	-99.794079	-99.969893	-0.007921	-0.000028	-0.000031	-0.000247	0.000000	NaN	NaN	NaN	NaN	NaN
198.000000	571.428571	1.000000	534.759358	1.000000	571.521300	-99.837911	-99.904624	-0.011460	-0.000029	-0.000033	-0.000254	0.000000	NaN	NaN	NaN	NaN	NaN
199.000000	568.181818	1.000000	602.409639	1.000000	568.215100	-99.834057	-99.986463	-0.008826	-0.000029	-0.000035	-0.000259	0.000000	NaN	NaN	NaN	NaN	NaN
200.000000	568.181818	1.000000	598.802395	1.000000	568.215100	-99.817925	-99.973991	0.000000	-0.000032	-0.000033	-0.000256	0.000000	NaN	NaN	NaN	NaN	NaN
201.000000	568.181818	1.000000	595.238095	1.000000	568.215100	-99.860066	-99.989376	-0.005595	-0.000030	-0.000034	-0.000254	0.000000	NaN	NaN	NaN	NaN	NaN
202.000000	568.181818	1.000000	591.715976	1.000000	568.215100	-99.826475	-99.979140	0.002454	-0.000029	-0.000032	-0.000260	0.000000	NaN	NaN	NaN	NaN	NaN
203.000000	568.181818	1.000000	588.235294	1.000000	568.215100	-99.787893	-99.892678	0.002506	-0.000028	-0.000034	-0.000257	0.000000	NaN	NaN	NaN	NaN	NaN
204.000000	568.181818	1.000000	584.795322	1.000000	568.215100	-99.821849	-100.021729	0.098877	-0.000025	-0.000033	-0.000255	0.000000	NaN	NaN	NaN	NaN	NaN
205.000000	568.181818	1.000000	581.395349	1.000000	568.215100	-99.810378	-99.888557	0.154482	-0.000024	-0.000032	-0.000256	0.000000	NaN	NaN	NaN	NaN	NaN
206.000000	568.181818	1.000000	578.034682	1.000000	568.215100	-99.835598	-99.867031	0.158906	-0.000028	-0.000033	-0.000248	0.000000	NaN	NaN	NaN	NaN	NaN
207.000000	568.181818	1.000000	574.712644	1.000000	568.215100	-99.883788	-99.896656	0.223050	-0.000021	-0.000031	-0.000245	0.000000	NaN	NaN	NaN	NaN	NaN
208.000000	568.181818	1.000000	571.428571	1.000000	568.215100	-99.780839	-99.925645	0.327895	-0.000022	-0.000029	-0.000257	0.000000	NaN	NaN	NaN	NaN	NaN
209.000000	568.181818	1.000000	568.181818	1.000000	568.215100	-99.828103	-99.918053	0.123223	-0.000025	-0.000035	-0.000242	0.000000	NaN	NaN	NaN	NaN	NaN
210.000000	568.181818	1.000000	564.971751	1.000000	568.215100	-99.799878	-99.998119	0.250081	-0.000024	-0.000030	-0.000249	0.000000	NaN	NaN	NaN	NaN	NaN
211.000000	568.181818	1.000000	561.797753	1.000000	568.215100	-99.777053	-99.996159	0.091680	-0.000028	-0.000032	-0.000250	0.000000	NaN	NaN	NaN	NaN	NaN
212.000000	568.181818	1.000000	558.659218	1.000000	568.215100	-99.850135	-99.979959	0.399708	-0.000018	-0.000031	-0.000246	0.000000	NaN	NaN	NaN	NaN	NaN
213.000000	568.181818	1.000000	555.555556	1.000000	568.215100	-99.847399	-99.963207	0.053182	-0.000024	-0.000033	-0.000262	0.000000	NaN	NaN	NaN	NaN	NaN
214.000000	568.181818	1.000000	552.486188	1.000000	568.215100	-99.862793	-99.885836	0.208997	-0.000024	-0.000033	-0.000253	0.000000	NaN	NaN	NaN	NaN	NaN
215.000000	568.181818	1.000000	549.450549	1.000000	568.215100	-99.864709	-99.920632	0.126190	-0.000026	-0.000034	-0.000257	0.000000	NaN	NaN	NaN	NaN	NaN
216.000000	568.181818	1.000000	546.448087	1.000000	568.215100	-99.806506	-99.971966	-0.006130	-0.000029	-0.000030	-0.000255	0.000000	NaN	NaN	NaN	NaN	NaN
217.000000	568.181818	1.000000	543.478261	1.000000	568.215100	-99.816176	-99.898422	0.001789	-0.000028	-0.000030	-0.000256	0.000000	NaN	NaN	NaN	NaN	NaN
218.000000	568.181818	1.000000	540.540541	1.000000	568.215100	-99.847051	-99.983240	-0.011446	-0.000033	-0.000032	-0.000250	0.000000	NaN	NaN	NaN	NaN	NaN
219.000000	568.181818	1.000000	537.634409	1.000000	568.215100	-99.801715	-99.977529	-0.009958	-0.000032	-0.000031	-0.000260	0.000000	NaN	NaN	NaN	NaN	NaN
220.000000	568.181818	1.000000	534.759358	1.000000	568.215100	-99.778834	-99.912260	-0.008587	-0.000030	-0.000033	-0.000246	0.000000	NaN	NaN	NaN	NaN	NaN
221.000000	564.971751	1.000000	602.409639	1.000000	564.908900	-99.809819	-99.962225	-0.008003	-0.000029	-0.000034	-0.000247	0.000000	NaN	NaN	NaN	NaN	NaN
222.000000	564.971751	1.000000	598.802395	1.000000	564.908900	-99.860399	-99.949753	-0.002605	-0.000027	-0.000033	-0.000249	0.000000	NaN	NaN	NaN	NaN	NaN
223.000000	564.971751	1.000000	595.238095	1.000000	564.908900	-99.769115	-99.898425	0.003061	-0.000031	-0.000031	-0.000249	0.000000	NaN	NaN	NaN	NaN	NaN
224.000000	564.971751	1.000000	591.715976	1.000000	564.908900	-99.868949	-99.954902	-0.008306	-0.000030	-0.000034	-0.000242	0.000000	NaN	NaN	NaN	NaN	NaN
225.000000	564.971751	1.000000	588.235294	1.000000	564.908900	-99.830368	-99.935152	-0.002548	-0.000029	-0.000031	-0.000259	0.000000	NaN	NaN	NaN	NaN	NaN
226.000000	564.971751	1.000000	584.795322	1.000000	564.908900	-99.864323	-99.864065	0.054936	-0.000029	-0.000034	-0.000249	0.000000	NaN	NaN	NaN	NaN	NaN
227.000000	564.971751	1.000000	581.395349	1.000000	564.908900	-99.852852	-99.931032	0.086133	-0.000027	-0.000031	-0.000254	0.000000	NaN	NaN	NaN	NaN	NaN
228.000000	564.971751	1.000000	578.034682	1.000000	564.908900	-99.811359	-99.909505	0.096431	-0.000027	-0.000031	-0.000251	0.000000	NaN	NaN	NaN	NaN	NaN
229.000000	564.971751	1.000000	574.712644	1.000000	564.908900	-99.792836	-99.939130	0.142125	-0.000024	-0.000032	-0.000253	0.000000	NaN	NaN	NaN	NaN	NaN
230.000000	564.971751	1.000000	571.428571	1.000000	564.908900	-99.823313	-99.901406	0.335862	-0.000020	-0.000032	-0.000263	0.000000	NaN	NaN	NaN	NaN	NaN
231.000000	564.971751	1.000000	568.181818	1.000000	564.908900	-99.803865	-99.893815	0.110061	-0.000026	-0.000031	-0.000251	0.000000	NaN	NaN	NaN	NaN	NaN
232.000000	564.971751	1.000000	564.971751	1.000000	564.908900	-99.842352	-99.907168	0.127707	-0.000026	-0.000032	-0.000251	0.000000	NaN	NaN	NaN	NaN	NaN
233.000000	564.971751	1.000000	561.797753	1.000000	564.908900	-99.819527	-99.905207	0.368040	-0.000020	-0.000031	-0.000264	0.000000	NaN	NaN	NaN	NaN	NaN
234.000000	564.971751	1.000000	558.659218	1.000000	564.908900	-99.825896	-99.889008	0.463150	-0.000019	-0.000031	-0.000253	0.000000	NaN	NaN	NaN	NaN	NaN
235.000000	564.971751	1.000000	555.555556	1.000000	564.908900	-99.823160	-100.005681	0.162209	-0.000024	-0.000031	-0.000242	0.000000	NaN	NaN	NaN	NaN	NaN
236.000000	564.971751	1.000000	552.486188	1.000000	564.908900	-99.838554	-99.928311	0.311101	-0.000024	-0.000029	-0.000256	0.000000	NaN	NaN	NaN	NaN	NaN
237.000000	564.971751	1.000000	549.450549	1.000000	564.908900	-99.773758	-99.896393	0.067287	-0.000027	-0.000034	-0.000260	0.000000	NaN	NaN	NaN	NaN	NaN
238.000000	564.971751	1.000000	546.448087	1.000000	564.908900	-99.782268	-99.947728	0.012668	-0.000027	-0.000031	-0.000246	0.000000	NaN	NaN	NaN	NaN	NaN
239.000000	564.971751	1.000000	543.478261	1.000000	564.908900	-99.858651	-99.940896	0.032296	-0.000026	-0.000032	-0.000247	0.000000	NaN	NaN	NaN	NaN	NaN
240.000000	564.971751	1.000000	540.540541	1.000000	564.908900	-99.889525	-99.892289	-0.015161	-0.000030	-0.000034	-0.000264	0.000000	NaN	NaN	NaN	NaN	NaN
241.000000	564.971751	1.000000	537.634409	1.000000	564.908900	-99.844189	-99.886578	-0.003764	-0.000028	-0.000031	-0.000242	0.000000	NaN	NaN	NaN	NaN	NaN
242.000000	564.971751	1.000000	534.759358	1.000000	564.908900	-99.821308	-99.954734	-0.008856	-0.000030	-0.000034	-0.000248	0.000000	NaN	NaN	NaN	NaN	NaN
243.000000	561.797753	1.000000	602.409639	1.000000	561.809300	-99.896998	-99.915978	-0.004658	-0.000033	-0.000033	-0.000260	0.000000	NaN	NaN	NaN	NaN	NaN
244.000000	561.797753	1.000000	598.802395	1.000000	561.809300	-99.880865	-99.903506	-0.004001	-0.000029	-0.000032	-0.000257	0.000000	NaN	NaN	NaN	NaN	NaN
245.000000	561.797753	1.000000	595.238095	1.000000	561.809300	-99.856293	-99.985604	-0.000852	-0.000029	-0.000031	-0.000252	0.000000	NaN	NaN	NaN	NaN	NaN
246.000000	561.797753	1.000000	591.715976	1.000000	561.809300	-99.822702	-99.908655	-0.007009	-0.000031	-0.000033	-0.000260	0.000000	NaN	NaN	NaN	NaN	NaN
247.000000	561.797753	1.000000	588.235294	1.000000	561.809300	-99.850834	-99.955618	-0.009896	-0.000027	-0.000033	-0.000245	0.000000	NaN	NaN	NaN	NaN	NaN
248.000000	561.797753	1.000000	584.795322	1.000000	561.809300	-99.818076	-99.951243	0.022103	-0.000026	-0.000033	-0.000258	0.000000	NaN	NaN	NaN	NaN	NaN
249.000000	561.797753	1.000000	581.395349	1.000000	561.809300	-99.806606	-99.951498	0.047872	-0.000026	-0.000033	-0.000254	0.000000	NaN	NaN	NaN	NaN	NaN
250.000000	561.797753	1.000000	578.034682	1.000000	561.809300	-99.898538	-99.996684	0.040443	-0.000028	-0.000031	-0.000250	0.000000	NaN	NaN	NaN	NaN	NaN
251.000000	561.797753	1.000000	574.712644	1.000000	561.809300	-99.813302	-99.959596	0.091036	-0.000026	-0.000033	-0.000246	0.000000	NaN	NaN	NaN	NaN	NaN
252.000000	561.797753	1.000000	571.428571	1.000000	561.809300	-99.843779	-99.988585	0.254513	-0.000027	-0.000031	-0.000251	0.000000	NaN	NaN	NaN	NaN	NaN
253.000000	561.797753	1.000000	568.181818	1.000000	561.809300	-99.891044	-99.980994	0.158508	-0.000026	-0.000034	-0.000258	0.000000	NaN	NaN	NaN	NaN	NaN
254.000000	561.797753	1.000000	564.971751	1.000000	561.809300	-99.796105	-99.927634	0.128768	-0.000025	-0.000031	-0.000260	0.000000	NaN	NaN	NaN	NaN	NaN
255.000000	561.797753	1.000000	561.797753	1.000000	561.809300	-99.839993	-99.925673	0.172310	-0.000026	-0.000032	-0.000261	0.000000	NaN	NaN	NaN	NaN	NaN
256.000000	561.797753	1.000000	558.659218	1.000000	561.809300	-99.913075	-99.976186	0.413395	-0.000021	-0.000033	-0.000258	0.000000	NaN	NaN	NaN	NaN	NaN
257.000000	561.797753	1.000000	555.555556	1.000000	561.809300	-99.910339	-99.959434	0.209534	-0.000024	-0.000032	-0.000259	0.000000	NaN	NaN	NaN	NaN	NaN
258.000000	561.797753	1.000000	552.486188	1.000000	561.809300	-99.792307	-99.948777	0.316957	-0.000023	-0.000032	-0.000264	0.000000	NaN	NaN	NaN	NaN	NaN
259.000000	561.797753	1.000000	549.450549	1.000000	561.809300	-99.860937	-99.983572	0.062543	-0.000028	-0.000033	-0.000259	0.000000	NaN	NaN	NaN	NaN	NaN
260.000000	561.797753	1.000000	546.448087	1.000000	561.809300	-99.869447	-99.901481	0.008093	-0.000030	-0.000032	-0.000254	0.000000	NaN	NaN	NaN	NaN	NaN
261.000000	561.797753	1.000000	543.478261	1.000000	561.809300	-99.812404	-99.961362	-0.000264	-0.000031	-0.000031	-0.000249	0.000000	NaN	NaN	NaN	NaN	NaN
262.000000	561.797753	1.000000	540.540541	1.000000	561.809300	-99.776566	-99.979468	-0.014631	-0.000027	-0.000032	-0.000251	0.000000	NaN	NaN	NaN	NaN	NaN
263.000000	561.797753	1.000000	537.634409	1.000000	561.809300	-99.864655	-99.973757	-0.003803	-0.000031	-0.000033	-0.000249	0.000000	NaN	NaN	NaN	NaN	NaN
264.000000	561.797753	1.000000	534.759358	1.000000	561.809300	-99.841774	-99.975200	-0.010334	-0.000029	-0.000034	-0.000255	0.000000	NaN	NaN	NaN	NaN	NaN
265.000000	558.659218	1.000000	602.409639	1.000000	558.709800	-99.877184	-100.029590	-0.009322	-0.000029	-0.000029	-0.000253	0.000000	NaN	NaN	NaN	NaN	NaN
266.000000	558.659218	1.000000	598.802395	1.000000	558.709800	-99.861051	-100.017118	-0.004526	-0.000031	-0.000034	-0.000247	0.000000	NaN	NaN	NaN	NaN	NaN
267.000000	558.659218	1.000000	595.238095	1.000000	558.709800	-99.836479	-100.032503	-0.008972	-0.000029	-0.000033	-0.000250	0.000000	NaN	NaN	NaN	NaN	NaN
268.000000	558.659218	1.000000	591.715976	1.000000	558.709800	-99.802888	-100.022266	-0.003897	-0.000030	-0.000034	-0.000251	0.000000	NaN	NaN	NaN	NaN	NaN
269.000000	558.659218	1.000000	588.235294	1.000000	558.709800	-99.831020	-99.935804	-0.013474	-0.000027	-0.000034	-0.000252	0.000000	NaN	NaN	NaN	NaN	NaN
270.000000	558.659218	1.000000	584.795322	1.000000	558.709800	-99.798262	-99.931429	0.016817	-0.000029	-0.000034	-0.000249	0.000000	NaN	NaN	NaN	NaN	NaN
271.000000	558.659218	1.000000	581.395349	1.000000	558.709800	-99.853504	-99.931684	0.020807	-0.000028	-0.000035	-0.000250	0.000000	NaN	NaN	NaN	NaN	NaN
272.000000	558.659218	1.000000	578.034682	1.000000	558.709800	-99.878724	-99.910157	0.009724	-0.000028	-0.000032	-0.000262	0.000000	NaN	NaN	NaN	NaN	NaN
273.000000	558.659218	1.000000	574.712644	1.000000	558.709800	-99.793488	-99.939782	0.086870	-0.000028	-0.000031	-0.000256	0.000000	NaN	NaN	NaN	NaN	NaN
274.000000	558.659218	1.000000	571.428571	1.000000	558.709800	-99.823965	-99.968771	0.114931	-0.000024	-0.000032	-0.000257	0.000000	NaN	NaN	NaN	NaN	NaN
275.000000	558.659218	1.000000	568.181818	1.000000	558.709800	-99.871230	-99.961180	0.230201	-0.000024	-0.000033	-0.000261	0.000000	NaN	NaN	NaN	NaN	NaN
276.000000	558.659218	1.000000	564.971751	1.000000	558.709800	-99.843004	-99.907820	0.283798	-0.000025	-0.000032	-0.000255	0.000000	NaN	NaN	NaN	NaN	NaN
277.000000	558.659218	1.000000	561.797753	1.000000	558.709800	-99.820179	-99.905859	0.127307	-0.000029	-0.000033	-0.000253	0.000000	NaN	NaN	NaN	NaN	NaN
278.000000	558.659218	1.000000	558.659218	1.000000	558.709800	-99.893261	-99.956372	0.312258	-0.000023	-0.000032	-0.000244	0.000000	NaN	NaN	NaN	NaN	NaN
279.000000	558.659218	1.000000	555.555556	1.000000	558.709800	-99.890525	-99.872908	0.304663	-0.000024	-0.000032	-0.000251	0.000000	NaN	NaN	NaN	NaN	NaN
280.000000	558.659218	1.000000	552.486188	1.000000	558.709800	-99.905919	-99.928963	0.386281	-0.000020	-0.000029	-0.000241	0.000000	NaN	NaN	NaN	NaN	NaN
281.000000	558.659218	1.000000	549.450549	1.000000	558.709800	-99.774410	-99.963758	0.095093	-0.000028	-0.000035	-0.000252	0.000000	NaN	NaN	NaN	NaN	NaN
282.000000	558.659218	1.000000	546.448087	1.000000	558.709800	-99.849633	-100.015093	0.063288	-0.000027	-0.000033	-0.000257	0.000000	NaN	NaN	NaN	NaN	NaN
283.000000	558.659218	1.000000	543.478261	1.000000	558.709800	-99.859303	-99.941548	0.024482	-0.000026	-0.000029	-0.000254	0.000000	NaN	NaN	NaN	NaN	NaN
284.000000	558.659218	1.000000	540.540541	1.000000	558.709800	-99.756752	-99.892941	-0.015039	-0.000031	-0.000032	-0.000255	0.000000	NaN	NaN	NaN	NaN	NaN
285.000000	558.659218	1.000000	537.634409	1.000000	558.709800	-99.844841	-99.953943	-0.002910	-0.000030	-0.000033	-0.000254	0.000000	NaN	NaN	NaN	NaN	NaN
286.000000	558.659218	1.000000	534.759358	1.000000	558.709800	-99.821960	-99.955386	-0.003909	-0.000029	-0.000033	-0.000250	0.000000	NaN	NaN	NaN	NaN	NaN
287.000000	555.555556	1.000000	602.409639	1.000000	555.610100	-99.804752	-99.957158	-0.012677	-0.000031	-0.000032	-0.000262	0.000000	NaN	NaN	NaN	NaN	NaN
288.000000	555.555556	1.000000	598.802395	1.000000	555.610100	-99.788619	-99.944686	-0.006712	-0.000027	-0.000033	-0.000262	0.000000	NaN	NaN	NaN	NaN	NaN
289.000000	555.555556	1.000000	595.238095	1.000000	555.610100	-99.897473	-99.893358	-0.001814	-0.000030	-0.000033	-0.000257	0.000000	NaN	NaN	NaN	NaN	NaN
290.000000	555.555556	1.000000	591.715976	1.000000	555.610100	-99.863882	-99.949834	-0.014099	-0.000029	-0.000032	-0.000253	0.000000	NaN	NaN	NaN	NaN	NaN
291.000000	555.555556	1.000000	588.235294	1.000000	555.610100	-99.825301	-99.996798	-0.008560	-0.000028	-0.000033	-0.000252	0.000000	NaN	NaN	NaN	NaN	NaN
292.000000	555.555556	1.000000	584.795322	1.000000	555.610100	-99.859256	-99.992423	0.001860	-0.000029	-0.000032	-0.000243	0.000000	NaN	NaN	NaN	NaN	NaN
293.000000	555.555556	1.000000	581.395349	1.000000	555.610100	-99.847785	-99.925965	-0.001015	-0.000034	-0.000031	-0.000257	0.000000	NaN	NaN	NaN	NaN	NaN
294.000000	555.555556	1.000000	578.034682	1.000000	555.610100	-99.806292	-99.904438	0.018851	-0.000027	-0.000033	-0.000259	0.000000	NaN	NaN	NaN	NaN	NaN
295.000000	555.555556	1.000000	574.712644	1.000000	555.610100	-99.854482	-99.867350	0.022386	-0.000030	-0.000033	-0.000254	0.000000	NaN	NaN	NaN	NaN	NaN
296.000000	555.555556	1.000000	571.428571	1.000000	555.610100	-99.751533	-99.896339	0.033892	-0.000029	-0.000030	-0.000249	0.000000	NaN	NaN	NaN	NaN	NaN
297.000000	555.555556	1.000000	568.181818	1.000000	555.610100	-99.798798	-100.022173	0.090679	-0.000023	-0.000033	-0.000258	0.000000	NaN	NaN	NaN	NaN	NaN
298.000000	555.555556	1.000000	564.971751	1.000000	555.610100	-99.837285	-99.968814	0.366769	-0.000026	-0.000031	-0.000255	0.000000	NaN	NaN	NaN	NaN	NaN
299.000000	555.555556	1.000000	561.797753	1.000000	555.610100	-99.814460	-99.966853	0.088426	-0.000027	-0.000033	-0.000254	0.000000	NaN	NaN	NaN	NaN	NaN
300.000000	555.555556	1.000000	558.659218	1.000000	555.610100	-99.820829	-100.017366	0.091740	-0.000029	-0.000032	-0.000242	0.000000	NaN	NaN	NaN	NaN	NaN
301.000000	555.555556	1.000000	555.555556	1.000000	555.610100	-99.818093	-100.000614	0.212167	-0.000024	-0.000031	-0.000252	0.000000	NaN	NaN	NaN	NaN	NaN
302.000000	555.555556	1.000000	552.486188	1.000000	555.610100	-99.833487	-99.923244	0.394590	-0.000018	-0.000029	-0.000241	0.000000	NaN	NaN	NaN	NaN	NaN
303.000000	555.555556	1.000000	549.450549	1.000000	555.610100	-99.902116	-100.024752	0.266253	-0.000026	-0.000033	-0.000243	0.000000	NaN	NaN	NaN	NaN	NaN
304.000000	555.555556	1.000000	546.448087	1.000000	555.610100	-99.777201	-99.942661	0.045751	-0.000030	-0.000035	-0.000256	0.000000	NaN	NaN	NaN	NaN	NaN
305.000000	555.555556	1.000000	543.478261	1.000000	555.610100	-99.853584	-99.935829	0.083259	-0.000026	-0.000031	-0.000255	0.000000	NaN	NaN	NaN	NaN	NaN
306.000000	555.555556	1.000000	540.540541	1.000000	555.610100	-99.817745	-100.020648	0.010907	-0.000029	-0.000031	-0.000252	0.000000	NaN	NaN	NaN	NaN	NaN
307.000000	555.555556	1.000000	537.634409	1.000000	555.610100	-99.839122	-100.014937	0.011180	-0.000027	-0.000032	-0.000242	0.000000	NaN	NaN	NaN	NaN	NaN
308.000000	555.555556	1.000000	534.759358	1.000000	555.610100	-99.882954	-99.949667	-0.000569	-0.000030	-0.000031	-0.000241	0.000000	NaN	NaN	NaN	NaN	NaN
309.000000	552.486188	1.000000	602.409639	1.000000	552.510400	-99.825025	-99.910718	-0.010847	-0.000027	-0.000032	-0.000254	0.000000	NaN	NaN	NaN	NaN	NaN
310.000000	552.486188	1.000000	598.802395	1.000000	552.510400	-99.808892	-99.898246	-0.005332	-0.000030	-0.000031	-0.000252	0.000000	NaN	NaN	NaN	NaN	NaN
311.000000	552.486188	1.000000	595.238095	1.000000	552.510400	-99.851033	-99.980344	-0.004871	-0.000026	-0.000032	-0.000255	0.000000	NaN	NaN	NaN	NaN	NaN
312.000000	552.486188	1.000000	591.715976	1.000000	552.510400	-99.817442	-99.970107	-0.015969	-0.000030	-0.000032	-0.000243	0.000000	NaN	NaN	NaN	NaN	NaN
313.000000	552.486188	1.000000	588.235294	1.000000	552.510400	-99.778861	-100.017071	-0.011597	-0.000028	-0.000032	-0.000249	0.000000	NaN	NaN	NaN	NaN	NaN
314.000000	552.486188	1.000000	584.795322	1.000000	552.510400	-99.812816	-99.945983	-0.003088	-0.000029	-0.000033	-0.000248	0.000000	NaN	NaN	NaN	NaN	NaN
315.000000	552.486188	1.000000	581.395349	1.000000	552.510400	-99.801345	-100.012951	0.015506	-0.000029	-0.000033	-0.000247	0.000000	NaN	NaN	NaN	NaN	NaN
316.000000	552.486188	1.000000	578.034682	1.000000	552.510400	-99.759852	-99.991424	-0.008325	-0.000029	-0.000030	-0.000243	0.000000	NaN	NaN	NaN	NaN	NaN
317.000000	552.486188	1.000000	574.712644	1.000000	552.510400	-99.874755	-100.021049	0.025600	-0.000027	-0.000032	-0.000253	0.000000	NaN	NaN	NaN	NaN	NaN
318.000000	552.486188	1.000000	571.428571	1.000000	552.510400	-99.905232	-99.983325	0.044969	-0.000027	-0.000032	-0.000252	0.000000	NaN	NaN	NaN	NaN	NaN
319.000000	552.486188	1.000000	568.181818	1.000000	552.510400	-99.752358	-99.975734	0.012309	-0.000028	-0.000032	-0.000251	0.000000	NaN	NaN	NaN	NaN	NaN
320.000000	552.486188	1.000000	564.971751	1.000000	552.510400	-99.790845	-99.989087	0.098509	-0.000029	-0.000032	-0.000246	0.000000	NaN	NaN	NaN	NaN	NaN
321.000000	552.486188	1.000000	561.797753	1.000000	552.510400	-99.901446	-99.987126	0.081596	-0.000029	-0.000032	-0.000250	0.000000	NaN	NaN	NaN	NaN	NaN
322.000000	552.486188	1.000000	558.659218	1.000000	552.510400	-99.774389	-99.970926	0.260759	-0.000025	-0.000029	-0.000255	0.000000	NaN	NaN	NaN	NaN	NaN
323.000000	552.486188	1.000000	555.555556	1.000000	552.510400	-99.771653	-99.954174	0.144623	-0.000026	-0.000031	-0.000252	0.000000	NaN	NaN	NaN	NaN	NaN
324.000000	552.486188	1.000000	552.486188	1.000000	552.510400	-99.787047	-100.010229	0.237769	-0.000021	-0.000031	-0.000259	0.000000	NaN	NaN	NaN	NaN	NaN
325.000000	552.486188	1.000000	549.450549	1.000000	552.510400	-99.855676	-99.978312	0.206252	-0.000024	-0.000031	-0.000250	0.000000	NaN	NaN	NaN	NaN	NaN
326.000000	552.486188	1.000000	546.448087	1.000000	552.510400	-99.864187	-99.962934	0.149671	-0.000027	-0.000029	-0.000247	0.000000	NaN	NaN	NaN	NaN	NaN
327.000000	552.486188	1.000000	543.478261	1.000000	552.510400	-99.807144	-99.889389	0.085365	-0.000025	-0.000033	-0.000253	0.000000	NaN	NaN	NaN	NaN	NaN
328.000000	552.486188	1.000000	540.540541	1.000000	552.510400	-99.838018	-99.974208	0.018060	-0.000029	-0.000032	-0.000259	0.000000	NaN	NaN	NaN	NaN	NaN
329.000000	552.486188	1.000000	537.634409	1.000000	552.510400	-99.792682	-99.968497	0.022524	-0.000030	-0.000034	-0.000257	0.000000	NaN	NaN	NaN	NaN	NaN
330.000000	552.486188	1.000000	534.759358	1.000000	552.510400	-99.903227	-99.903227	0.000917	-0.000030	-0.000031	-0.000254	0.000000	NaN	NaN	NaN	NaN	NaN
331.000000	549.450549	1.000000	602.409639	1.000000	549.410800	-99.833206	-99.918898	-0.011338	-0.000028	-0.000034	-0.000255	0.000000	NaN	NaN	NaN	NaN	NaN
332.000000	549.450549	1.000000	598.802395	1.000000	549.410800	-99.883786	-99.973139	-0.007668	-0.000026	-0.000033	-0.000251	0.000000	NaN	NaN	NaN	NaN	NaN
333.000000	549.450549	1.000000	595.238095	1.000000	549.410800	-99.792501	-99.921811	-0.003850	-0.000029	-0.000033	-0.000256	0.000000	NaN	NaN	NaN	NaN	NaN
334.000000	549.450549	1.000000	591.715976	1.000000	549.410800	-99.758910	-99.978288	-0.014934	-0.000029	-0.000031	-0.000249	0.000000	NaN	NaN	NaN	NaN	NaN
335.000000	549.450549	1.000000	588.235294	1.000000	549.410800	-99.853754	-99.958539	-0.010892	-0.000029	-0.000033	-0.000258	0.000000	NaN	NaN	NaN	NaN	NaN
336.000000	549.450549	1.000000	584.795322	1.000000	549.410800	-99.754284	-99.954164	-0.000915	-0.000028	-0.000031	-0.000258	0.000000	NaN	NaN	NaN	NaN	NaN
337.000000	549.450549	1.000000	581.395349	1.000000	549.410800	-99.876239	-99.954418	0.004050	-0.000028	-0.000031	-0.000251	0.000000	NaN	NaN	NaN	NaN	NaN
338.000000	549.450549	1.000000	578.034682	1.000000	549.410800	-99.834746	-99.932892	-0.007626	-0.000031	-0.000032	-0.000246	0.000000	NaN	NaN	NaN	NaN	NaN
339.000000	549.450549	1.000000	574.712644	1.000000	549.410800	-99.816223	-99.962517	-0.001293	-0.000031	-0.000034	-0.000263	0.000000	NaN	NaN	NaN	NaN	NaN
340.000000	549.450549	1.000000	571.428571	1.000000	549.410800	-99.846700	-99.924793	0.011026	-0.000030	-0.000032	-0.000267	0.000000	NaN	NaN	NaN	NaN	NaN
341.000000	549.450549	1.000000	568.181818	1.000000	549.410800	-99.827251	-99.917201	0.016220	-0.000029	-0.000033	-0.000251	0.000000	NaN	NaN	NaN	NaN	NaN
342.000000	549.450549	1.000000	564.971751	1.000000	549.410800	-99.865739	-99.930555	0.135121	-0.000027	-0.000033	-0.000249	0.000000	NaN	NaN	NaN	NaN	NaN
343.000000	549.450549	1.000000	561.797753	1.000000	549.410800	-99.842913	-99.928594	0.060853	-0.000030	-0.000033	-0.000260	0.000000	NaN	NaN	NaN	NaN	NaN
344.000000	549.450549	1.000000	558.659218	1.000000	549.410800	-99.849283	-99.912394	0.048013	-0.000028	-0.000032	-0.000254	0.000000	NaN	NaN	NaN	NaN	NaN
345.000000	549.450549	1.000000	555.555556	1.000000	549.410800	-99.846547	-99.895642	0.118093	-0.000026	-0.000033	-0.000258	0.000000	NaN	NaN	NaN	NaN	NaN
346.000000	549.450549	1.000000	552.486188	1.000000	549.410800	-99.861941	-99.951697	0.167653	-0.000027	-0.000031	-0.000253	0.000000	NaN	NaN	NaN	NaN	NaN
347.000000	549.450549	1.000000	549.450549	1.000000	549.410800	-99.797144	-99.919780	0.105153	-0.000027	-0.000034	-0.000249	0.000000	NaN	NaN	NaN	NaN	NaN
348.000000	549.450549	1.000000	546.448087	1.000000	549.410800	-99.872367	-99.904401	0.090160	-0.000027	-0.000032	-0.000252	0.000000	NaN	NaN	NaN	NaN	NaN
349.000000	549.450549	1.000000	543.478261	1.000000	549.410800	-99.882037	-99.964283	0.090425	-0.000028	-0.000032	-0.000254	0.000000	NaN	NaN	NaN	NaN	NaN
350.000000	549.450549	1.000000	540.540541	1.000000	549.410800	-99.779486	-99.915676	-0.004318	-0.000030	-0.000032	-0.000249	0.000000	NaN	NaN	NaN	NaN	NaN
351.000000	549.450549	1.000000	537.634409	1.000000	549.410800	-99.867576	-99.909964	0.023219	-0.000023	-0.000033	-0.000256	0.000000	NaN	NaN	NaN	NaN	NaN
352.000000	549.450549	1.000000	534.759358	1.000000	549.410800	-99.844695	-99.978120	0.007120	-0.000026	-0.000034	-0.000251	0.000000	NaN	NaN	NaN	NaN	NaN
353.000000	546.448087	1.000000	602.409639	1.000000	546.517600	-99.811371	-99.963777	-0.011489	-0.000029	-0.000033	-0.000251	0.000000	NaN	NaN	NaN	NaN	NaN
354.000000	546.448087	1.000000	598.802395	1.000000	546.517600	-99.795238	-99.951305	-0.009599	-0.000031	-0.000034	-0.000258	0.000000	NaN	NaN	NaN	NaN	NaN
355.000000	546.448087	1.000000	595.238095	1.000000	546.517600	-99.837379	-99.966690	-0.003568	-0.000026	-0.000029	-0.000250	0.000000	NaN	NaN	NaN	NaN	NaN
356.000000	546.448087	1.000000	591.715976	1.000000	546.517600	-99.870501	-99.956454	-0.012632	-0.000027	-0.000034	-0.000248	0.000000	NaN	NaN	NaN	NaN	NaN
357.000000	546.448087	1.000000	588.235294	1.000000	546.517600	-99.765207	-100.003417	-0.009415	-0.000029	-0.000031	-0.000257	0.000000	NaN	NaN	NaN	NaN	NaN
358.000000	546.448087	1.000000	584.795322	1.000000	546.517600	-99.865875	-99.999042	-0.000528	-0.000028	-0.000033	-0.000246	0.000000	NaN	NaN	NaN	NaN	NaN
359.000000	546.448087	1.000000	581.395349	1.000000	546.517600	-99.787692	-99.999297	0.006626	-0.000028	-0.000033	-0.000254	0.000000	NaN	NaN	NaN	NaN	NaN
360.000000	546.448087	1.000000	578.034682	1.000000	546.517600	-99.812911	-99.977770	-0.013069	-0.000029	-0.000031	-0.000249	0.000000	NaN	NaN	NaN	NaN	NaN
361.000000	546.448087	1.000000	574.712644	1.000000	546.517600	-99.861101	-99.873969	0.001079	-0.000028	-0.000032	-0.000254	0.000000	NaN	NaN	NaN	NaN	NaN
362.000000	546.448087	1.000000	571.428571	1.000000	546.517600	-99.758153	-100.036384	0.024875	-0.000024	-0.000033	-0.000247	0.000000	NaN	NaN	NaN	NaN	NaN
363.000000	546.448087	1.000000	568.181818	1.000000	546.517600	-99.805417	-99.962080	0.013025	-0.000030	-0.000032	-0.000255	0.000000	NaN	NaN	NaN	NaN	NaN
364.000000	546.448087	1.000000	564.971751	1.000000	546.517600	-99.843904	-99.975433	0.083537	-0.000025	-0.000032	-0.000244	0.000000	NaN	NaN	NaN	NaN	NaN
365.000000	546.448087	1.000000	561.797753	1.000000	546.517600	-99.887792	-99.973472	0.038760	-0.000027	-0.000032	-0.000254	0.000000	NaN	NaN	NaN	NaN	NaN
366.000000	546.448087	1.000000	558.659218	1.000000	546.517600	-99.827448	-99.957272	0.165197	-0.000025	-0.000031	-0.000242	0.000000	NaN	NaN	NaN	NaN	NaN
367.000000	546.448087	1.000000	555.555556	1.000000	546.517600	-99.824712	-99.940520	0.074035	-0.000026	-0.000032	-0.000248	0.000000	NaN	NaN	NaN	NaN	NaN
368.000000	546.448087	1.000000	552.486188	1.000000	546.517600	-99.840106	-99.863150	0.091851	-0.000029	-0.000032	-0.000251	0.000000	NaN	NaN	NaN	NaN	NaN
369.000000	546.448087	1.000000	549.450549	1.000000	546.517600	-99.842023	-99.897945	0.065548	-0.000029	-0.000033	-0.000257	0.000000	NaN	NaN	NaN	NaN	NaN
370.000000	546.448087	1.000000	546.448087	1.000000	546.517600	-99.783820	-99.949280	0.149028	-0.000024	-0.000031	-0.000253	0.000000	NaN	NaN	NaN	NaN	NaN
371.000000	546.448087	1.000000	543.478261	1.000000	546.517600	-99.793490	-99.875735	0.023063	-0.000029	-0.000033	-0.000261	0.000000	NaN	NaN	NaN	NaN	NaN
372.000000	546.448087	1.000000	540.540541	1.000000	546.517600	-99.824364	-99.960554	0.036358	-0.000029	-0.000032	-0.000252	0.000000	NaN	NaN	NaN	NaN	NaN
373.000000	546.448087	1.000000	537.634409	1.000000	546.517600	-99.779028	-100.021556	-0.006000	-0.000028	-0.000032	-0.000249	0.000000	NaN	NaN	NaN	NaN	NaN
374.000000	546.448087	1.000000	534.759358	1.000000	546.517600	-99.889573	-99.889573	0.003703	-0.000029	-0.000033	-0.000256	0.000000	NaN	NaN	NaN	NaN	NaN
375.000000	543.478261	1.000000	602.409639	1.000000	543.417900	-99.880630	-99.899611	-0.011852	-0.000029	-0.000033	-0.000267	0.000000	NaN	NaN	NaN	NaN	NaN
376.000000	543.478261	1.000000	598.802395	1.000000	543.417900	-99.864498	-99.887139	-0.006125	-0.000025	-0.000032	-0.000245	0.000000	NaN	NaN	NaN	NaN	NaN
377.000000	543.478261	1.000000	595.238095	1.000000	543.417900	-99.839926	-99.969236	-0.002538	-0.000029	-0.000032	-0.000255	0.000000	NaN	NaN	NaN	NaN	NaN
378.000000	543.478261	1.000000	591.715976	1.000000	543.417900	-99.806335	-99.892287	-0.016796	-0.000031	-0.000032	-0.000246	0.000000	NaN	NaN	NaN	NaN	NaN
379.000000	543.478261	1.000000	588.235294	1.000000	543.417900	-99.901179	-99.939251	-0.007548	-0.000027	-0.000034	-0.000254	0.000000	NaN	NaN	NaN	NaN	NaN
380.000000	543.478261	1.000000	584.795322	1.000000	543.417900	-99.801709	-99.934876	0.005099	-0.000027	-0.000033	-0.000249	0.000000	NaN	NaN	NaN	NaN	NaN
381.000000	543.478261	1.000000	581.395349	1.000000	543.417900	-99.790238	-100.001843	0.008453	-0.000029	-0.000033	-0.000243	0.000000	NaN	NaN	NaN	NaN	NaN
382.000000	543.478261	1.000000	578.034682	1.000000	543.417900	-99.882171	-99.980317	-0.010074	-0.000030	-0.000034	-0.000246	0.000000	NaN	NaN	NaN	NaN	NaN
383.000000	543.478261	1.000000	574.712644	1.000000	543.417900	-99.863648	-99.943229	0.015049	-0.000027	-0.000032	-0.000247	0.000000	NaN	NaN	NaN	NaN	NaN
384.000000	543.478261	1.000000	571.428571	1.000000	543.417900	-99.827412	-99.972218	0.035105	-0.000027	-0.000031	-0.000248	0.000000	NaN	NaN	NaN	NaN	NaN
385.000000	543.478261	1.000000	568.181818	1.000000	543.417900	-99.874676	-99.964626	-0.008970	-0.000028	-0.000032	-0.000249	0.000000	NaN	NaN	NaN	NaN	NaN
386.000000	543.478261	1.000000	564.971751	1.000000	543.417900	-99.779738	-99.977980	0.009188	-0.000029	-0.000034	-0.000257	0.000000	NaN	NaN	NaN	NaN	NaN
387.000000	543.478261	1.000000	561.797753	1.000000	543.417900	-99.823626	-99.976019	-0.002186	-0.000030	-0.000030	-0.000258	0.000000	NaN	NaN	NaN	NaN	NaN
388.000000	543.478261	1.000000	558.659218	1.000000	543.417900	-99.896708	-99.959819	0.026840	-0.000027	-0.000033	-0.000253	0.000000	NaN	NaN	NaN	NaN	NaN
389.000000	543.478261	1.000000	555.555556	1.000000	543.417900	-99.893972	-99.943067	0.051265	-0.000027	-0.000032	-0.000254	0.000000	NaN	NaN	NaN	NaN	NaN
390.000000	543.478261	1.000000	552.486188	1.000000	543.417900	-99.775940	-99.999122	0.123927	-0.000023	-0.000032	-0.000261	0.000000	NaN	NaN	NaN	NaN	NaN
391.000000	543.478261	1.000000	549.450549	1.000000	543.417900	-99.844569	-99.967205	0.018997	-0.000029	-0.000033	-0.000251	0.000000	NaN	NaN	NaN	NaN	NaN
392.000000	543.478261	1.000000	546.448087	1.000000	543.417900	-99.853079	-99.885114	0.096366	-0.000029	-0.000033	-0.000254	0.000000	NaN	NaN	NaN	NaN	NaN
393.000000	543.478261	1.000000	543.478261	1.000000	543.417900	-99.796037	-100.011707	0.020727	-0.000031	-0.000032	-0.000248	0.000000	NaN	NaN	NaN	NaN	NaN
394.000000	543.478261	1.000000	540.540541	1.000000	543.417900	-99.826911	-99.963100	0.058978	-0.000027	-0.000032	-0.000242	0.000000	NaN	NaN	NaN	NaN	NaN
395.000000	543.478261	1.000000	537.634409	1.000000	543.417900	-99.915001	-99.957389	0.009341	-0.000030	-0.000031	-0.000247	0.000000	NaN	NaN	NaN	NaN	NaN
396.000000	543.478261	1.000000	534.759358	1.000000	543.417900	-99.825407	-100.025545	-0.000917	-0.000027	-0.000030	-0.000241	0.000000	NaN	NaN	NaN	NaN	NaN
397.000000	540.540541	1.000000	602.409639	1.000000	540.524700	-99.899289	-99.918269	-0.012106	-0.000029	-0.000033	-0.000253	0.000000	NaN	NaN	NaN	NaN	NaN
398.000000	540.540541	1.000000	598.802395	1.000000	540.524700	-99.883156	-99.972510	-0.005475	-0.000028	-0.000034	-0.000247	0.000000	NaN	NaN	NaN	NaN	NaN
399.000000	540.540541	1.000000	595.238095	1.000000	540.524700	-99.858584	-99.921182	-0.001620	-0.000029	-0.000031	-0.000243	0.000000	NaN	NaN	NaN	NaN	NaN
400.000000	540.540541	1.000000	591.715976	1.000000	540.524700	-99.824993	-99.910946	-0.015217	-0.000027	-0.000030	-0.000241	0.000000	NaN	NaN	NaN	NaN	NaN
401.000000	540.540541	1.000000	588.235294	1.000000	540.524700	-99.853125	-99.957909	-0.015319	-0.000028	-0.000033	-0.000245	0.000000	NaN	NaN	NaN	NaN	NaN
402.000000	540.540541	1.000000	584.795322	1.000000	540.524700	-99.820367	-99.953534	0.004651	-0.000026	-0.000032	-0.000247	0.000000	NaN	NaN	NaN	NaN	NaN
403.000000	540.540541	1.000000	581.395349	1.000000	540.524700	-99.875609	-99.953789	0.001725	-0.000028	-0.000032	-0.000248	0.000000	NaN	NaN	NaN	NaN	NaN
404.000000	540.540541	1.000000	578.034682	1.000000	540.524700	-99.900829	-99.932262	-0.009412	-0.000030	-0.000032	-0.000250	0.000000	NaN	NaN	NaN	NaN	NaN
405.000000	540.540541	1.000000	574.712644	1.000000	540.524700	-99.815593	-99.961887	0.019888	-0.000029	-0.000030	-0.000254	0.000000	NaN	NaN	NaN	NaN	NaN
406.000000	540.540541	1.000000	571.428571	1.000000	540.524700	-99.846070	-99.990876	0.030157	-0.000028	-0.000030	-0.000242	0.000000	NaN	NaN	NaN	NaN	NaN
407.000000	540.540541	1.000000	568.181818	1.000000	540.524700	-99.893335	-99.983285	-0.004491	-0.000030	-0.000032	-0.000244	0.000000	NaN	NaN	NaN	NaN	NaN
408.000000	540.540541	1.000000	564.971751	1.000000	540.524700	-99.798396	-99.929925	-0.003028	-0.000027	-0.000031	-0.000253	0.000000	NaN	NaN	NaN	NaN	NaN
409.000000	540.540541	1.000000	561.797753	1.000000	540.524700	-99.842284	-99.927964	0.058567	-0.000028	-0.000030	-0.000246	0.000000	NaN	NaN	NaN	NaN	NaN
410.000000	540.540541	1.000000	558.659218	1.000000	540.524700	-99.848653	-99.911765	0.128033	-0.000023	-0.000028	-0.000245	0.000000	NaN	NaN	NaN	NaN	NaN
411.000000	540.540541	1.000000	555.555556	1.000000	540.524700	-99.912630	-99.895013	0.032725	-0.000026	-0.000031	-0.000249	0.000000	NaN	NaN	NaN	NaN	NaN
412.000000	540.540541	1.000000	552.486188	1.000000	540.524700	-99.861311	-99.951068	0.081543	-0.000029	-0.000032	-0.000263	0.000000	NaN	NaN	NaN	NaN	NaN
413.000000	540.540541	1.000000	549.450549	1.000000	540.524700	-99.796515	-99.985863	0.033382	-0.000026	-0.000031	-0.000255	0.000000	NaN	NaN	NaN	NaN	NaN
414.000000	540.540541	1.000000	546.448087	1.000000	540.524700	-99.871738	-99.903772	0.069908	-0.000026	-0.000031	-0.000260	0.000000	NaN	NaN	NaN	NaN	NaN
415.000000	540.540541	1.000000	543.478261	1.000000	540.524700	-99.814695	-99.963653	0.028547	-0.000030	-0.000033	-0.000260	0.000000	NaN	NaN	NaN	NaN	NaN
416.000000	540.540541	1.000000	540.540541	1.000000	540.524700	-99.778857	-99.915046	0.049898	-0.000029	-0.000031	-0.000255	0.000000	NaN	NaN	NaN	NaN	NaN
417.000000	540.540541	1.000000	537.634409	1.000000	540.524700	-99.866946	-99.976048	0.003795	-0.000029	-0.000032	-0.000250	0.000000	NaN	NaN	NaN	NaN	NaN
418.000000	540.540541	1.000000	534.759358	1.000000	540.524700	-99.844065	-99.977491	-0.001856	-0.000030	-0.000031	-0.000245	0.000000	NaN	NaN	NaN	NaN	NaN
419.000000	537.634409	1.000000	602.409639	1.000000	537.631500	-99.790888	-99.943294	-0.009774	-0.000032	-0.000032	-0.000249	0.000000	NaN	NaN	NaN	NaN	NaN
420.000000	537.634409	1.000000	598.802395	1.000000	537.631500	-99.774755	-99.930822	-0.008922	-0.000028	-0.000033	-0.000261	0.000000	NaN	NaN	NaN	NaN	NaN
421.000000	537.634409	1.000000	595.238095	1.000000	537.631500	-99.883609	-99.946207	-0.008217	-0.000028	-0.000034	-0.000246	0.000000	NaN	NaN	NaN	NaN	NaN
422.000000	537.634409	1.000000	591.715976	1.000000	537.631500	-99.850018	-99.935970	-0.013466	-0.000029	-0.000032	-0.000254	0.000000	NaN	NaN	NaN	NaN	NaN
423.000000	537.634409	1.000000	588.235294	1.000000	537.631500	-99.811437	-99.982934	-0.013258	-0.000029	-0.000033	-0.000258	0.000000	NaN	NaN	NaN	NaN	NaN
424.000000	537.634409	1.000000	584.795322	1.000000	537.631500	-99.845392	-99.978559	0.003539	-0.000028	-0.000034	-0.000254	0.000000	NaN	NaN	NaN	NaN	NaN
425.000000	537.634409	1.000000	581.395349	1.000000	537.631500	-99.833921	-99.978814	-0.002479	-0.000028	-0.000032	-0.000251	0.000000	NaN	NaN	NaN	NaN	NaN
426.000000	537.634409	1.000000	578.034682	1.000000	537.631500	-99.792428	-99.957287	-0.020065	-0.000026	-0.000033	-0.000233	0.000000	NaN	NaN	NaN	NaN	NaN
427.000000	537.634409	1.000000	574.712644	1.000000	537.631500	-99.840618	-99.986912	-0.003492	-0.000029	-0.000029	-0.000246	0.000000	NaN	NaN	NaN	NaN	NaN
428.000000	537.634409	1.000000	571.428571	1.000000	537.631500	-99.871095	-100.015901	0.012669	-0.000029	-0.000032	-0.000254	0.000000	NaN	NaN	NaN	NaN	NaN
429.000000	537.634409	1.000000	568.181818	1.000000	537.631500	-99.918359	-99.941597	-0.007011	-0.000031	-0.000033	-0.000247	0.000000	NaN	NaN	NaN	NaN	NaN
430.000000	537.634409	1.000000	564.971751	1.000000	537.631500	-99.823421	-99.954950	-0.009347	-0.000025	-0.000033	-0.000255	0.000000	NaN	NaN	NaN	NaN	NaN
431.000000	537.634409	1.000000	561.797753	1.000000	537.631500	-99.867309	-99.952989	0.025320	-0.000027	-0.000032	-0.000247	0.000000	NaN	NaN	NaN	NaN	NaN
432.000000	537.634409	1.000000	558.659218	1.000000	537.631500	-99.806965	-99.936789	0.089713	-0.000025	-0.000032	-0.000252	0.000000	NaN	NaN	NaN	NaN	NaN
433.000000	537.634409	1.000000	555.555556	1.000000	537.631500	-99.804229	-99.920037	0.045663	-0.000027	-0.000032	-0.000241	0.000000	NaN	NaN	NaN	NaN	NaN
434.000000	537.634409	1.000000	552.486188	1.000000	537.631500	-99.819623	-99.976092	-0.001900	-0.000028	-0.000035	-0.000259	0.000000	NaN	NaN	NaN	NaN	NaN
435.000000	537.634409	1.000000	549.450549	1.000000	537.631500	-99.821539	-100.010888	0.044882	-0.000024	-0.000034	-0.000252	0.000000	NaN	NaN	NaN	NaN	NaN
436.000000	537.634409	1.000000	546.448087	1.000000	537.631500	-99.896762	-99.928797	0.049814	-0.000031	-0.000031	-0.000246	0.000000	NaN	NaN	NaN	NaN	NaN
437.000000	537.634409	1.000000	543.478261	1.000000	537.631500	-99.773007	-99.921965	-0.009449	-0.000030	-0.000032	-0.000242	0.000000	NaN	NaN	NaN	NaN	NaN
438.000000	537.634409	1.000000	540.540541	1.000000	537.631500	-99.803881	-99.940071	0.064771	-0.000028	-0.000033	-0.000240	0.000000	NaN	NaN	NaN	NaN	NaN
439.000000	537.634409	1.000000	537.634409	1.000000	537.631500	-99.758545	-100.001073	-0.006803	-0.000029	-0.000032	-0.000254	0.000000	NaN	NaN	NaN	NaN	NaN
440.000000	537.634409	1.000000	534.759358	1.000000	537.631500	-99.869090	-99.869090	-0.004948	-0.000028	-0.000033	-0.000252	0.000000	NaN	NaN	NaN	NaN	NaN
