1.000000	606.060606	1.000000	570.000000	1.000000	606.050500	200.005031	200.071744	-0.010628	-0.000032	-0.014012	-0.000290	0.000000	NaN	NaN	NaN	NaN	NaN
2.000000	606.060606	1.000000	570.000000	1.000000	606.050500	180.057899	180.124611	-0.010379	-0.000034	-0.014303	-0.000270	0.000000	NaN	NaN	NaN	NaN	NaN
3.000000	606.060606	1.000000	570.000000	1.000000	606.050500	160.110766	160.044053	-0.009581	-0.000034	-0.014000	-0.000268	0.000000	NaN	NaN	NaN	NaN	NaN
4.000000	606.060606	1.000000	570.000000	1.000000	606.050500	140.030207	140.096920	-0.010538	-0.000030	-0.014683	-0.000281	0.000000	NaN	NaN	NaN	NaN	NaN
5.000000	606.060606	1.000000	570.000000	1.000000	606.050500	120.083074	120.149787	-0.009232	-0.000027	-0.014242	-0.000283	0.000000	NaN	NaN	NaN	NaN	NaN
6.000000	606.060606	1.000000	570.000000	1.000000	606.050500	100.135941	100.069229	-0.009783	-0.000031	-0.013953	-0.000273	0.000000	NaN	NaN	NaN	NaN	NaN
7.000000	606.060606	1.000000	570.000000	1.000000	606.050500	80.055383	80.055383	-0.010756	-0.000034	-0.014440	-0.000291	0.000000	NaN	NaN	NaN	NaN	NaN
8.000000	606.060606	1.000000	570.000000	1.000000	606.050500	60.108250	60.041537	-0.008254	-0.000036	-0.014066	-0.000272	0.000000	NaN	NaN	NaN	NaN	NaN
9.000000	606.060606	1.000000	570.000000	1.000000	606.050500	40.027691	40.027691	-0.001343	-0.000038	-0.010149	-0.000273	0.000000	NaN	NaN	NaN	NaN	NaN
10.000000	606.060606	1.000000	570.000000	1.000000	606.050500	20.080559	20.080559	0.015619	-0.000030	-0.001929	-0.000286	0.000000	NaN	NaN	NaN	NaN	NaN
11.000000	606.060606	1.000000	570.000000	1.000000	606.050500	0.133426	0.000000	0.065122	-0.000040	0.022100	-0.000284	0.000000	NaN	NaN	NaN	NaN	NaN
12.000000	606.060606	1.000000	570.000000	1.000000	606.050500	-19.947133	-19.947133	0.125055	-0.000038	0.051156	-0.000311	0.000000	NaN	NaN	NaN	NaN	NaN
13.000000	606.060606	1.000000	570.000000	1.000000	606.050500	-39.894266	-40.027691	0.214711	-0.000029	0.094681	-0.000296	0.000000	NaN	NaN	NaN	NaN	NaN
14.000000	606.060606	1.000000	570.000000	1.000000	606.050500	-59.974824	-59.974824	0.182204	-0.000029	0.078673	-0.000271	0.000000	NaN	NaN	NaN	NaN	NaN
15.000000	606.060606	1.000000	570.000000	1.000000	606.050500	-79.921957	-79.921957	0.129465	-0.000026	0.053126	-0.000298	0.000000	NaN	NaN	NaN	NaN	NaN
16.000000	606.060606	1.000000	570.000000	1.000000	606.050500	-99.935803	-100.002516	0.083352	-0.000030	0.030720	-0.000289	0.000000	NaN	NaN	NaN	NaN	NaN
17.000000	606.060606	1.000000	570.000000	1.000000	606.050500	-119.949649	-119.949649	0.020147	-0.000029	0.000520	-0.000314	0.000000	NaN	NaN	NaN	NaN	NaN
18.000000	606.060606	1.000000	570.000000	1.000000	606.050500	-139.963494	-139.896782	-0.010948	-0.000031	-0.014389	-0.000284	0.000000	NaN	NaN	NaN	NaN	NaN
19.000000	606.060606	1.000000	570.000000	1.000000	606.050500	-159.910627	-159.977340	-0.009578	-0.000035	-0.014506	-0.000266	0.000000	NaN	NaN	NaN	NaN	NaN
20.000000	606.060606	1.000000	570.000000	1.000000	606.050500	-179.991186	-179.924473	-0.011680	-0.000042	-0.014835	-0.000277	0.000000	NaN	NaN	NaN	NaN	NaN
21.000000	606.060606	1.000000	570.000000	1.000000	606.050500	-199.938319	-200.005031	-0.011743	-0.000035	-0.014823	-0.000282	0.000000	NaN	NaN	NaN	NaN	NaN
22.000000	602.409639	1.000000	570.000000	1.000000	602.447300	200.005031	200.071744	-0.014386	-0.000040	-0.015700	-0.000296	0.000000	NaN	NaN	NaN	NaN	NaN
23.000000	602.409639	1.000000	570.000000	1.000000	602.447300	180.057899	180.124611	-0.012011	-0.000036	-0.015268	-0.000283	0.000000	NaN	NaN	NaN	NaN	NaN
24.000000	602.409639	1.000000	570.000000	1.000000	602.447300	160.110766	160.044053	-0.011351	-0.000039	-0.015369	-0.000264	0.000000	NaN	NaN	NaN	NaN	NaN
25.000000	602.409639	1.000000	570.000000	1.000000	602.447300	140.030207	140.096920	-0.009785	-0.000033	-0.014706	-0.000316	0.000000	NaN	NaN	NaN	NaN	NaN
26.000000	602.409639	1.000000	570.000000	1.000000	602.447300	120.083074	120.149787	-0.013219	-0.000039	-0.015393	-0.000286	0.000000	NaN	NaN	NaN	NaN	NaN
27.000000	602.409639	1.000000	570.000000	1.000000	602.447300	100.135941	100.069229	-0.012362	-0.000030	-0.015945	-0.000287	0.000000	NaN	NaN	NaN	NaN	NaN
28.000000	602.409639	1.000000	570.000000	1.000000	602.447300	80.055383	80.055383	-0.015451	-0.000033	-0.015949	-0.000272	0.000000	NaN	NaN	NaN	NaN	NaN
29.000000	602.409639	1.000000	570.000000	1.000000	602.447300	60.108250	60.041537	-0.012277	-0.000031	-0.015726	-0.000286	0.000000	NaN	NaN	NaN	NaN	NaN
30.000000	602.409639	1.000000	570.000000	1.000000	602.447300	40.027691	40.027691	-0.012991	-0.000036	-0.015644	-0.000299	0.000000	NaN	NaN	NaN	NaN	NaN
31.000000	602.409639	1.000000	570.000000	1.000000	602.447300	20.080559	20.080559	-0.006916	-0.000035	-0.012657	-0.000271	0.000000	NaN	NaN	NaN	NaN	NaN
32.000000	602.409639	1.000000	570.000000	1.000000	602.447300	0.133426	0.000000	-0.002849	-0.000035	-0.010219	-0.000267	0.000000	NaN	NaN	NaN	NaN	NaN
33.000000	602.409639	1.000000	570.000000	1.000000	602.447300	-19.947133	-19.947133	0.025630	-0.000036	0.003649	-0.000280	0.000000	NaN	NaN	NaN	NaN	NaN
34.000000	602.409639	1.000000	570.000000	1.000000	602.447300	-39.894266	-40.027691	0.081821	-0.000034	0.030016	-0.000279	0.000000	NaN	NaN	NaN	NaN	NaN
35.000000	602.409639	1.000000	570.000000	1.000000	602.447300	-59.974824	-59.974824	0.104732	-0.000032	0.041389	-0.000288	0.000000	NaN	NaN	NaN	NaN	NaN
36.000000	602.409639	1.000000	570.000000	1.000000	602.447300	-79.921957	-79.921957	0.106847	-0.000028	0.042079	-0.000308	0.000000	NaN	NaN	NaN	NaN	NaN
37.000000	602.409639	1.000000	570.000000	1.000000	602.447300	-99.935803	-100.002516	0.091899	-0.000032	0.034901	-0.000283	0.000000	NaN	NaN	NaN	NaN	NaN
38.000000	602.409639	1.000000	570.000000	1.000000	602.447300	-119.949649	-119.949649	0.056041	-0.000033	0.018321	-0.000294	0.000000	NaN	NaN	NaN	NaN	NaN
39.000000	602.409639	1.000000	570.000000	1.000000	602.447300	-139.963494	-139.896782	0.008234	-0.000036	-0.005078	-0.000280	0.000000	NaN	NaN	NaN	NaN	NaN
40.000000	602.409639	1.000000	570.000000	1.000000	602.447300	-159.910627	-159.977340	-0.009080	-0.000034	-0.013601	-0.000266	0.000000	NaN	NaN	NaN	NaN	NaN
41.000000	602.409639	1.000000	570.000000	1.000000	602.447300	-179.991186	-179.924473	-0.011540	-0.000037	-0.014926	-0.000313	0.000000	NaN	NaN	NaN	NaN	NaN
42.000000	602.409639	1.000000	570.000000	1.000000	602.447300	-199.938319	-200.005031	-0.010927	-0.000030	-0.013781	-0.000270	0.000000	NaN	NaN	NaN	NaN	NaN
43.000000	598.802395	1.000000	570.000000	1.000000	598.843900	200.005031	200.071744	-0.011403	-0.000030	-0.014419	-0.000300	0.000000	NaN	NaN	NaN	NaN	NaN
44.000000	598.802395	1.000000	570.000000	1.000000	598.843900	180.057899	180.124611	-0.011064	-0.000033	-0.014831	-0.000291	0.000000	NaN	NaN	NaN	NaN	NaN
45.000000	598.802395	1.000000	570.000000	1.000000	598.843900	160.110766	160.044053	-0.011121	-0.000029	-0.014650	-0.000307	0.000000	NaN	NaN	NaN	NaN	NaN
46.000000	598.802395	1.000000	570.000000	1.000000	598.843900	140.030207	140.096920	-0.010677	-0.000027	-0.014702	-0.000303	0.000000	NaN	NaN	NaN	NaN	NaN
47.000000	598.802395	1.000000	570.000000	1.000000	598.843900	120.083074	120.149787	-0.012337	-0.000034	-0.014800	-0.000296	0.000000	NaN	NaN	NaN	NaN	NaN
48.000000	598.802395	1.000000	570.000000	1.000000	598.843900	100.135941	100.069229	-0.010588	-0.000037	-0.014786	-0.000313	0.000000	NaN	NaN	NaN	NaN	NaN
49.000000	598.802395	1.000000	570.000000	1.000000	598.843900	80.055383	80.055383	-0.012259	-0.000032	-0.014878	-0.000295	0.000000	NaN	NaN	NaN	NaN	NaN
50.000000	598.802395	1.000000	570.000000	1.000000	598.843900	60.108250	60.041537	-0.010785	-0.000037	-0.014644	-0.000281	0.000000	NaN	NaN	NaN	NaN	NaN
51.000000	598.802395	1.000000	570.000000	1.000000	598.843900	40.027691	40.027691	-0.004103	-0.000033	-0.011246	-0.000305	0.000000	NaN	NaN	NaN	NaN	NaN
52.000000	598.802395	1.000000	570.000000	1.000000	598.843900	20.080559	20.080559	0.009338	-0.000036	-0.005229	-0.000305	0.000000	NaN	NaN	NaN	NaN	NaN
53.000000	598.802395	1.000000	570.000000	1.000000	598.843900	0.133426	0.000000	0.034813	-0.000037	0.007328	-0.000287	0.000000	NaN	NaN	NaN	NaN	NaN
54.000000	598.802395	1.000000	570.000000	1.000000	598.843900	-19.947133	-19.947133	0.049639	-0.000034	0.014671	-0.000296	0.000000	NaN	NaN	NaN	NaN	NaN
55.000000	598.802395	1.000000	570.000000	1.000000	598.843900	-39.894266	-40.027691	0.053584	-0.000037	0.016493	-0.000284	0.000000	NaN	NaN	NaN	NaN	NaN
56.000000	598.802395	1.000000	570.000000	1.000000	598.843900	-59.974824	-59.974824	0.104853	-0.000033	0.041318	-0.000286	0.000000	NaN	NaN	NaN	NaN	NaN
57.000000	598.802395	1.000000	570.000000	1.000000	598.843900	-79.921957	-79.921957	0.088918	-0.000034	0.033261	-0.000313	0.000000	NaN	NaN	NaN	NaN	NaN
58.000000	598.802395	1.000000	570.000000	1.000000	598.843900	-99.935803	-100.002516	0.076166	-0.000029	0.027861	-0.000312	0.000000	NaN	NaN	NaN	NaN	NaN
59.000000	598.802395	1.000000	570.000000	1.000000	598.843900	-119.949649	-119.949649	0.061043	-0.000038	0.019631	-0.000258	0.000000	NaN	NaN	NaN	NaN	NaN
60.000000	598.802395	1.000000	570.000000	1.000000	598.843900	-139.963494	-139.896782	0.016345	-0.000030	-0.001727	-0.000290	0.000000	NaN	NaN	NaN	NaN	NaN
61.000000	598.802395	1.000000	570.000000	1.000000	598.843900	-159.910627	-159.977340	-0.004702	-0.000028	-0.011861	-0.000302	0.000000	NaN	NaN	NaN	NaN	NaN
62.000000	598.802395	1.000000	570.000000	1.000000	598.843900	-179.991186	-179.791047	-0.010889	-0.000035	-0.014330	-0.000299	0.000000	NaN	NaN	NaN	NaN	NaN
63.000000	598.802395	1.000000	570.000000	1.000000	598.843900	-199.938319	-200.005031	-0.008022	-0.000040	-0.013379	-0.000277	0.000000	NaN	NaN	NaN	NaN	NaN
64.000000	595.238095	1.000000	570.000000	1.000000	595.240400	200.005031	200.071744	-0.011332	-0.000035	-0.014666	-0.000317	0.000000	NaN	NaN	NaN	NaN	NaN
65.000000	595.238095	1.000000	570.000000	1.000000	595.240400	180.057899	180.124611	-0.010165	-0.000033	-0.014154	-0.000274	0.000000	NaN	NaN	NaN	NaN	NaN
66.000000	595.238095	1.000000	570.000000	1.000000	595.240400	160.110766	160.044053	-0.010403	-0.000030	-0.014360	-0.000291	0.000000	NaN	NaN	NaN	NaN	NaN
67.000000	595.238095	1.000000	570.000000	1.000000	595.240400	140.030207	140.096920	-0.011478	-0.000030	-0.014839	-0.000275	0.000000	NaN	NaN	NaN	NaN	NaN
68.000000	595.238095	1.000000	570.000000	1.000000	595.240400	120.083074	120.149787	-0.008904	-0.000040	-0.014107	-0.000282	0.000000	NaN	NaN	NaN	NaN	NaN
69.000000	595.238095	1.000000	570.000000	1.000000	595.240400	100.135941	100.069229	-0.008351	-0.000026	-0.013772	-0.000315	0.000000	NaN	NaN	NaN	NaN	NaN
70.000000	595.238095	1.000000	570.000000	1.000000	595.240400	80.055383	80.055383	-0.009551	-0.000028	-0.013865	-0.000300	0.000000	NaN	NaN	NaN	NaN	NaN
71.000000	595.238095	1.000000	570.000000	1.000000	595.240400	60.108250	60.041537	-0.006961	-0.000031	-0.012585	-0.000281	0.000000	NaN	NaN	NaN	NaN	NaN
72.000000	595.238095	1.000000	570.000000	1.000000	595.240400	40.027691	40.027691	0.004942	-0.000031	-0.006841	-0.000271	0.000000	NaN	NaN	NaN	NaN	NaN
73.000000	595.238095	1.000000	570.000000	1.000000	595.240400	20.080559	20.080559	0.022952	-0.000033	0.001525	-0.000301	0.000000	NaN	NaN	NaN	NaN	NaN
74.000000	595.238095	1.000000	570.000000	1.000000	595.240400	0.133426	0.000000	0.063718	-0.000033	0.021945	-0.000275	0.000000	NaN	NaN	NaN	NaN	NaN
75.000000	595.238095	1.000000	570.000000	1.000000	595.240400	-19.947133	-19.947133	0.105153	-0.000028	0.041708	-0.000310	0.000000	NaN	NaN	NaN	NaN	NaN
76.000000	595.238095	1.000000	570.000000	1.000000	595.240400	-39.894266	-40.027691	0.081916	-0.000034	0.030909	-0.000311	0.000000	NaN	NaN	NaN	NaN	NaN
77.000000	595.238095	1.000000	570.000000	1.000000	595.240400	-59.974824	-59.974824	0.134365	-0.000031	0.055105	-0.000291	0.000000	NaN	NaN	NaN	NaN	NaN
78.000000	595.238095	1.000000	570.000000	1.000000	595.240400	-79.921957	-79.921957	0.083864	-0.000034	0.031113	-0.000300	0.000000	NaN	NaN	NaN	NaN	NaN
79.000000	595.238095	1.000000	570.000000	1.000000	595.240400	-99.935803	-100.002516	0.080256	-0.000032	0.029441	-0.000305	0.000000	NaN	NaN	NaN	NaN	NaN
80.000000	595.238095	1.000000	570.000000	1.000000	595.240400	-119.949649	-119.949649	0.064915	-0.000041	0.021676	-0.000283	0.000000	NaN	NaN	NaN	NaN	NaN
81.000000	595.238095	1.000000	570.000000	1.000000	595.240400	-139.963494	-139.896782	0.020192	-0.000028	0.000491	-0.000295	0.000000	NaN	NaN	NaN	NaN	NaN
82.000000	595.238095	1.000000	570.000000	1.000000	595.240400	-159.910627	-159.977340	-0.004915	-0.000029	-0.012178	-0.000286	0.000000	NaN	NaN	NaN	NaN	NaN
83.000000	595.238095	1.000000	570.000000	1.000000	595.240400	-179.991186	-179.924473	-0.009616	-0.000045	-0.013920	-0.000291	0.000000	NaN	NaN	NaN	NaN	NaN
84.000000	595.238095	1.000000	570.000000	1.000000	595.240400	-199.938319	-200.005031	-0.011600	-0.000035	-0.014665	-0.000281	0.000000	NaN	NaN	NaN	NaN	NaN
85.000000	591.715976	1.000000	570.000000	1.000000	591.739500	200.005031	200.071744	-0.007385	-0.000031	-0.012660	-0.000290	0.000000	NaN	NaN	NaN	NaN	NaN
86.000000	591.715976	1.000000	570.000000	1.000000	591.739500	180.057899	180.124611	-0.007882	-0.000035	-0.013109	-0.000289	0.000000	NaN	NaN	NaN	NaN	NaN
87.000000	591.715976	1.000000	570.000000	1.000000	591.739500	160.110766	160.044053	-0.010331	-0.000033	-0.013052	-0.000288	0.000000	NaN	NaN	NaN	NaN	NaN
88.000000	591.715976	1.000000	570.000000	1.000000	591.739500	140.030207	140.096920	-0.006280	-0.000036	-0.012854	-0.000273	0.000000	NaN	NaN	NaN	NaN	NaN
89.000000	591.715976	1.000000	570.000000	1.000000	591.739500	120.083074	120.149787	-0.007230	-0.000034	-0.012760	-0.000301	0.000000	NaN	NaN	NaN	NaN	NaN
90.000000	591.715976	1.000000	570.000000	1.000000	591.739500	100.135941	100.069229	-0.006856	-0.000039	-0.012904	-0.000275	0.000000	NaN	NaN	NaN	NaN	NaN
91.000000	591.715976	1.000000	570.000000	1.000000	591.739500	80.055383	80.055383	-0.007412	-0.000039	-0.011871	-0.000286	0.000000	NaN	NaN	NaN	NaN	NaN
92.000000	591.715976	1.000000	570.000000	1.000000	591.739500	60.108250	60.041537	-0.002947	-0.000032	-0.010507	-0.000265	0.000000	NaN	NaN	NaN	NaN	NaN
93.000000	591.715976	1.000000	570.000000	1.000000	591.739500	40.027691	40.027691	0.008334	-0.000034	-0.005374	-0.000269	0.000000	NaN	NaN	NaN	NaN	NaN
94.000000	591.715976	1.000000	570.000000	1.000000	591.739500	20.080559	20.080559	0.031078	-0.000037	0.005337	-0.000275	0.000000	NaN	NaN	NaN	NaN	NaN
95.000000	591.715976	1.000000	570.000000	1.000000	591.739500	0.133426	0.000000	0.093882	-0.000028	0.036518	-0.000295	0.000000	NaN	NaN	NaN	NaN	NaN
96.000000	591.715976	1.000000	570.000000	1.000000	591.739500	-19.947133	-19.947133	0.123338	-0.000032	0.050592	-0.000300	0.000000	NaN	NaN	NaN	NaN	NaN
97.000000	591.715976	1.000000	570.000000	1.000000	591.739500	-39.894266	-40.027691	0.119991	-0.000034	0.048380	-0.000292	0.000000	NaN	NaN	NaN	NaN	NaN
98.000000	591.715976	1.000000	570.000000	1.000000	591.739500	-59.974824	-59.974824	0.149091	-0.000034	0.063242	-0.000295	0.000000	NaN	NaN	NaN	NaN	NaN
99.000000	591.715976	1.000000	570.000000	1.000000	591.739500	-79.921957	-79.921957	0.097532	-0.000034	0.038119	-0.000313	0.000000	NaN	NaN	NaN	NaN	NaN
100.000000	591.715976	1.000000	570.000000	1.000000	591.739500	-99.935803	-100.002516	0.063381	-0.000033	0.021295	-0.000297	0.000000	NaN	NaN	NaN	NaN	NaN
101.000000	591.715976	1.000000	570.000000	1.000000	591.739500	-119.949649	-119.949649	0.055607	-0.000028	0.016866	-0.000287	0.000000	NaN	NaN	NaN	NaN	NaN
102.000000	591.715976	1.000000	570.000000	1.000000	591.739500	-139.963494	-139.896782	0.017602	-0.000037	-0.001247	-0.000297	0.000000	NaN	NaN	NaN	NaN	NaN
103.000000	591.715976	1.000000	570.000000	1.000000	591.739500	-159.910627	-159.977340	-0.004096	-0.000030	-0.010660	-0.000283	0.000000	NaN	NaN	NaN	NaN	NaN
104.000000	591.715976	1.000000	570.000000	1.000000	591.739500	-179.991186	-179.924473	-0.008302	-0.000043	-0.012799	-0.000286	0.000000	NaN	NaN	NaN	NaN	NaN
105.000000	591.715976	1.000000	570.000000	1.000000	591.739500	-199.938319	-200.005031	-0.008682	-0.000030	-0.013858	-0.000278	0.000000	NaN	NaN	NaN	NaN	NaN
106.000000	588.235294	1.000000	570.000000	1.000000	588.238500	200.005031	200.071744	-0.005657	-0.000035	-0.011828	-0.000295	0.000000	NaN	NaN	NaN	NaN	NaN
107.000000	588.235294	1.000000	570.000000	1.000000	588.238500	180.057899	180.124611	-0.000920	-0.000029	-0.009806	-0.000280	0.000000	NaN	NaN	NaN	NaN	NaN
108.000000	588.235294	1.000000	570.000000	1.000000	588.238500	160.110766	160.044053	-0.001618	-0.000033	-0.010251	-0.000289	0.000000	NaN	NaN	NaN	NaN	NaN
109.000000	588.235294	1.000000	570.000000	1.000000	588.238500	140.030207	140.096920	-0.005005	-0.000030	-0.011265	-0.000260	0.000000	NaN	NaN	NaN	NaN	NaN
110.000000	588.235294	1.000000	570.000000	1.000000	588.238500	120.083074	120.149787	-0.007462	-0.000034	-0.013237	-0.000311	0.000000	NaN	NaN	NaN	NaN	NaN
111.000000	588.235294	1.000000	570.000000	1.000000	588.238500	100.135941	100.069229	-0.003887	-0.000036	-0.011622	-0.000281	0.000000	NaN	NaN	NaN	NaN	NaN
112.000000	588.235294	1.000000	570.000000	1.000000	588.238500	80.055383	80.055383	-0.003164	-0.000035	-0.010506	-0.000279	0.000000	NaN	NaN	NaN	NaN	NaN
113.000000	588.235294	1.000000	570.000000	1.000000	588.238500	60.108250	60.041537	0.007175	-0.000026	-0.005827	-0.000266	0.000000	NaN	NaN	NaN	NaN	NaN
114.000000	588.235294	1.000000	570.000000	1.000000	588.238500	40.027691	40.027691	0.017623	-0.000038	-0.001078	-0.000290	0.000000	NaN	NaN	NaN	NaN	NaN
115.000000	588.235294	1.000000	570.000000	1.000000	588.238500	20.080559	20.080559	0.050820	-0.000033	0.015184	-0.000293	0.000000	NaN	NaN	NaN	NaN	NaN
116.000000	588.235294	1.000000	570.000000	1.000000	588.238500	0.133426	0.000000	0.123172	-0.000035	0.049677	-0.000285	0.000000	NaN	NaN	NaN	NaN	NaN
117.000000	588.235294	1.000000	570.000000	1.000000	588.238500	-19.947133	-19.947133	0.115319	-0.000034	0.046388	-0.000316	0.000000	NaN	NaN	NaN	NaN	NaN
118.000000	588.235294	1.000000	570.000000	1.000000	588.238500	-39.894266	-40.027691	0.136580	-0.000031	0.056300	-0.000261	0.000000	NaN	NaN	NaN	NaN	NaN
119.000000	588.235294	1.000000	570.000000	1.000000	588.238500	-59.974824	-59.974824	0.168662	-0.000030	0.071788	-0.000315	0.000000	NaN	NaN	NaN	NaN	NaN
120.000000	588.235294	1.000000	570.000000	1.000000	588.238500	-79.921957	-79.921957	0.079579	-0.000030	0.028906	-0.000309	0.000000	NaN	NaN	NaN	NaN	NaN
121.000000	588.235294	1.000000	570.000000	1.000000	588.238500	-99.935803	-100.002516	0.074644	-0.000036	0.026423	-0.000282	0.000000	NaN	NaN	NaN	NaN	NaN
122.000000	588.235294	1.000000	570.000000	1.000000	588.238500	-119.949649	-119.949649	0.045377	-0.000032	0.012543	-0.000269	0.000000	NaN	NaN	NaN	NaN	NaN
123.000000	588.235294	1.000000	570.000000	1.000000	588.238500	-139.963494	-139.896782	0.011267	-0.000036	-0.003448	-0.000294	0.000000	NaN	NaN	NaN	NaN	NaN
124.000000	588.235294	1.000000	570.000000	1.000000	588.238500	-159.910627	-159.977340	-0.000582	-0.000035	-0.009635	-0.000258	0.000000	NaN	NaN	NaN	NaN	NaN
125.000000	588.235294	1.000000	570.000000	1.000000	588.238500	-179.991186	-179.924473	-0.005064	-0.000033	-0.011422	-0.000282	0.000000	NaN	NaN	NaN	NaN	NaN
126.000000	588.235294	1.000000	570.000000	1.000000	588.238500	-199.938319	-200.005031	-0.005269	-0.000025	-0.011009	-0.000253	0.000000	NaN	NaN	NaN	NaN	NaN
127.000000	584.795322	1.000000	570.000000	1.000000	584.840300	200.005031	200.071744	-0.005409	-0.000028	-0.011654	-0.000282	0.000000	NaN	NaN	NaN	NaN	NaN
128.000000	584.795322	1.000000	570.000000	1.000000	584.840300	180.057899	180.124611	-0.000148	-0.000035	-0.008865	-0.000272	0.000000	NaN	NaN	NaN	NaN	NaN
129.000000	584.795322	1.000000	570.000000	1.000000	584.840300	160.110766	160.044053	-0.002878	-0.000031	-0.010733	-0.000286	0.000000	NaN	NaN	NaN	NaN	NaN
130.000000	584.795322	1.000000	570.000000	1.000000	584.840300	140.030207	140.096920	-0.000330	-0.000029	-0.010138	-0.000298	0.000000	NaN	NaN	NaN	NaN	NaN
131.000000	584.795322	1.000000	570.000000	1.000000	584.840300	120.083074	120.149787	-0.002431	-0.000029	-0.010427	-0.000289	0.000000	NaN	NaN	NaN	NaN	NaN
132.000000	584.795322	1.000000	570.000000	1.000000	584.840300	100.135941	100.069229	0.005233	-0.000030	-0.006932	-0.000300	0.000000	NaN	NaN	NaN	NaN	NaN
133.000000	584.795322	1.000000	570.000000	1.000000	584.840300	80.055383	80.055383	0.006259	-0.000033	-0.006033	-0.000296	0.000000	NaN	NaN	NaN	NaN	NaN
134.000000	584.795322	1.000000	570.000000	1.000000	584.840300	60.108250	60.041537	0.017879	-0.000039	-0.000093	-0.000305	0.000000	NaN	NaN	NaN	NaN	NaN
135.000000	584.795322	1.000000	570.000000	1.000000	584.840300	40.027691	40.027691	0.030647	-0.000029	0.005244	-0.000275	0.000000	NaN	NaN	NaN	NaN	NaN
136.000000	584.795322	1.000000	570.000000	1.000000	584.840300	20.080559	20.080559	0.101723	-0.000031	0.040124	-0.000298	0.000000	NaN	NaN	NaN	NaN	NaN
137.000000	584.795322	1.000000	570.000000	1.000000	584.840300	0.133426	0.000000	0.176540	-0.000043	0.075968	-0.000309	0.000000	NaN	NaN	NaN	NaN	NaN
138.000000	584.795322	1.000000	570.000000	1.000000	584.840300	-19.947133	-19.947133	0.123963	-0.000031	0.051042	-0.000289	0.000000	NaN	NaN	NaN	NaN	NaN
139.000000	584.795322	1.000000	570.000000	1.000000	584.840300	-39.894266	-40.027691	0.201827	-0.000029	0.088507	-0.000304	0.000000	NaN	NaN	NaN	NaN	NaN
140.000000	584.795322	1.000000	570.000000	1.000000	584.840300	-59.974824	-59.974824	0.167410	-0.000035	0.071717	-0.000300	0.000000	NaN	NaN	NaN	NaN	NaN
141.000000	584.795322	1.000000	570.000000	1.000000	584.840300	-79.921957	-79.921957	0.062782	-0.000033	0.020846	-0.000304	0.000000	NaN	NaN	NaN	NaN	NaN
142.000000	584.795322	1.000000	570.000000	1.000000	584.840300	-99.935803	-100.002516	0.076796	-0.000032	0.027910	-0.000305	0.000000	NaN	NaN	NaN	NaN	NaN
143.000000	584.795322	1.000000	570.000000	1.000000	584.840300	-119.949649	-119.949649	0.034471	-0.000032	0.007358	-0.000300	0.000000	NaN	NaN	NaN	NaN	NaN
144.000000	584.795322	1.000000	570.000000	1.000000	584.840300	-139.963494	-139.896782	0.008960	-0.000035	-0.005139	-0.000283	0.000000	NaN	NaN	NaN	NaN	NaN
145.000000	584.795322	1.000000	570.000000	1.000000	584.840300	-159.910627	-159.977340	-0.004309	-0.000030	-0.011222	-0.000303	0.000000	NaN	NaN	NaN	NaN	NaN
146.000000	584.795322	1.000000	570.000000	1.000000	584.840300	-179.991186	-179.924473	-0.000887	-0.000036	-0.009811	-0.000289	0.000000	NaN	NaN	NaN	NaN	NaN
147.000000	584.795322	1.000000	570.000000	1.000000	584.840300	-199.938319	-200.005031	-0.000881	-0.000045	-0.009715	-0.000298	0.000000	NaN	NaN	NaN	NaN	NaN
148.000000	581.395349	1.000000	570.000000	1.000000	581.442000	200.005031	200.071744	-0.001636	-0.000032	-0.009511	-0.000268	0.000000	NaN	NaN	NaN	NaN	NaN
149.000000	581.395349	1.000000	570.000000	1.000000	581.442000	180.057899	180.124611	-0.000059	-0.000032	-0.010161	-0.000296	0.000000	NaN	NaN	NaN	NaN	NaN
150.000000	581.395349	1.000000	570.000000	1.000000	581.442000	160.110766	160.044053	-0.000515	-0.000039	-0.010118	-0.000277	0.000000	NaN	NaN	NaN	NaN	NaN
151.000000	581.395349	1.000000	570.000000	1.000000	581.442000	140.030207	140.096920	-0.002638	-0.000034	-0.010583	-0.000274	0.000000	NaN	NaN	NaN	NaN	NaN
152.000000	581.395349	1.000000	570.000000	1.000000	581.442000	120.083074	120.149787	-0.003729	-0.000035	-0.010835	-0.000282	0.000000	NaN	NaN	NaN	NaN	NaN
153.000000	581.395349	1.000000	570.000000	1.000000	581.442000	100.135941	100.069229	0.007004	-0.000038	-0.005457	-0.000289	0.000000	NaN	NaN	NaN	NaN	NaN
154.000000	581.395349	1.000000	570.000000	1.000000	581.442000	80.055383	80.055383	0.026607	-0.000037	0.003597	-0.000282	0.000000	NaN	NaN	NaN	NaN	NaN
155.000000	581.395349	1.000000	570.000000	1.000000	581.442000	60.108250	60.041537	0.030687	-0.000029	0.005885	-0.000298	0.000000	NaN	NaN	NaN	NaN	NaN
156.000000	581.395349	1.000000	570.000000	1.000000	581.442000	40.027691	40.027691	0.054736	-0.000028	0.017581	-0.000304	0.000000	NaN	NaN	NaN	NaN	NaN
157.000000	581.395349	1.000000	570.000000	1.000000	581.442000	20.080559	20.080559	0.214918	-0.000031	0.093695	-0.000288	0.000000	NaN	NaN	NaN	NaN	NaN
158.000000	581.395349	1.000000	570.000000	1.000000	581.442000	0.133426	0.000000	0.260582	-0.000032	0.117197	-0.000312	0.000000	NaN	NaN	NaN	NaN	NaN
159.000000	581.395349	1.000000	570.000000	1.000000	581.442000	-19.947133	-19.947133	0.193398	-0.000034	0.084443	-0.000302	0.000000	NaN	NaN	NaN	NaN	NaN
160.000000	581.395349	1.000000	570.000000	1.000000	581.442000	-39.894266	-40.027691	0.193410	-0.000035	0.084827	-0.000298	0.000000	NaN	NaN	NaN	NaN	NaN
161.000000	581.395349	1.000000	570.000000	1.000000	581.442000	-59.974824	-59.974824	0.164261	-0.000029	0.069680	-0.000288	0.000000	NaN	NaN	NaN	NaN	NaN
162.000000	581.395349	1.000000	570.000000	1.000000	581.442000	-79.921957	-79.921957	0.077323	-0.000030	0.027984	-0.000302	0.000000	NaN	NaN	NaN	NaN	NaN
163.000000	581.395349	1.000000	570.000000	1.000000	581.442000	-99.935803	-100.002516	0.078540	-0.000039	0.028609	-0.000291	0.000000	NaN	NaN	NaN	NaN	NaN
164.000000	581.395349	1.000000	570.000000	1.000000	581.442000	-119.949649	-119.949649	0.030557	-0.000034	0.005150	-0.000313	0.000000	NaN	NaN	NaN	NaN	NaN
165.000000	581.395349	1.000000	570.000000	1.000000	581.442000	-139.963494	-139.896782	-0.003838	-0.000026	-0.010800	-0.000266	0.000000	NaN	NaN	NaN	NaN	NaN
166.000000	581.395349	1.000000	570.000000	1.000000	581.442000	-159.910627	-159.977340	-0.001104	-0.000038	-0.010225	-0.000275	0.000000	NaN	NaN	NaN	NaN	NaN
167.000000	581.395349	1.000000	570.000000	1.000000	581.442000	-179.991186	-179.924473	0.003594	-0.000028	-0.007764	-0.000296	0.000000	NaN	NaN	NaN	NaN	NaN
168.000000	581.395349	1.000000	570.000000	1.000000	581.442000	-199.938319	-200.005031	0.003553	-0.000036	-0.007142	-0.000295	0.000000	NaN	NaN	NaN	NaN	NaN
169.000000	578.034682	1.000000	570.000000	1.000000	578.043400	200.005031	200.071744	0.007730	-0.000034	-0.005106	-0.000312	0.000000	NaN	NaN	NaN	NaN	NaN
170.000000	578.034682	1.000000	570.000000	1.000000	578.043400	180.057899	180.124611	0.014465	-0.000032	-0.001908	-0.000293	0.000000	NaN	NaN	NaN	NaN	NaN
171.000000	578.034682	1.000000	570.000000	1.000000	578.043400	160.110766	160.044053	0.023508	-0.000039	0.002332	-0.000290	0.000000	NaN	NaN	NaN	NaN	NaN
172.000000	578.034682	1.000000	570.000000	1.000000	578.043400	140.030207	140.096920	0.017988	-0.000034	-0.000443	-0.000283	0.000000	NaN	NaN	NaN	NaN	NaN
173.000000	578.034682	1.000000	570.000000	1.000000	578.043400	120.083074	120.149787	0.016626	-0.000035	-0.001047	-0.000284	0.000000	NaN	NaN	NaN	NaN	NaN
174.000000	578.034682	1.000000	570.000000	1.000000	578.043400	100.135941	100.069229	0.025425	-0.000035	0.003424	-0.000263	0.000000	NaN	NaN	NaN	NaN	NaN
175.000000	578.034682	1.000000	570.000000	1.000000	578.043400	80.055383	80.055383	0.043376	-0.000032	0.011932	-0.000290	0.000000	NaN	NaN	NaN	NaN	NaN
176.000000	578.034682	1.000000	570.000000	1.000000	578.043400	60.108250	60.041537	0.045250	-0.000032	0.013028	-0.000286	0.000000	NaN	NaN	NaN	NaN	NaN
177.000000	578.034682	1.000000	570.000000	1.000000	578.043400	40.027691	40.027691	0.102112	-0.000032	0.039721	-0.000295	0.000000	NaN	NaN	NaN	NaN	NaN
178.000000	578.034682	1.000000	570.000000	1.000000	578.043400	20.080559	20.080559	0.299485	-0.000033	0.134410	-0.000329	0.000000	NaN	NaN	NaN	NaN	NaN
179.000000	578.034682	1.000000	570.000000	1.000000	578.043400	0.133426	0.000000	0.302257	-0.000027	0.136204	-0.000296	0.000000	NaN	NaN	NaN	NaN	NaN
180.000000	578.034682	1.000000	570.000000	1.000000	578.043400	-19.947133	-19.947133	0.284736	-0.000031	0.127679	-0.000308	0.000000	NaN	NaN	NaN	NaN	NaN
181.000000	578.034682	1.000000	570.000000	1.000000	578.043400	-39.894266	-40.027691	0.260042	-0.000037	0.116412	-0.000307	0.000000	NaN	NaN	NaN	NaN	NaN
182.000000	578.034682	1.000000	570.000000	1.000000	578.043400	-59.974824	-59.974824	0.157393	-0.000029	0.066841	-0.000305	0.000000	NaN	NaN	NaN	NaN	NaN
183.000000	578.034682	1.000000	570.000000	1.000000	578.043400	-79.921957	-79.921957	0.098689	-0.000033	0.038819	-0.000314	0.000000	NaN	NaN	NaN	NaN	NaN
184.000000	578.034682	1.000000	570.000000	1.000000	578.043400	-99.935803	-100.002516	0.071962	-0.000029	0.026128	-0.000269	0.000000	NaN	NaN	NaN	NaN	NaN
185.000000	578.034682	1.000000	570.000000	1.000000	578.043400	-119.949649	-119.949649	0.048954	-0.000036	0.014609	-0.000269	0.000000	NaN	NaN	NaN	NaN	NaN
186.000000	578.034682	1.000000	570.000000	1.000000	578.043400	-139.963494	-139.896782	0.010346	-0.000035	-0.004281	-0.000289	0.000000	NaN	NaN	NaN	NaN	NaN
187.000000	578.034682	1.000000	570.000000	1.000000	578.043400	-159.910627	-159.977340	0.009274	-0.000035	-0.004989	-0.000276	0.000000	NaN	NaN	NaN	NaN	NaN
188.000000	578.034682	1.000000	570.000000	1.000000	578.043400	-179.991186	-179.924473	0.011125	-0.000032	-0.003229	-0.000294	0.000000	NaN	NaN	NaN	NaN	NaN
189.000000	578.034682	1.000000	570.000000	1.000000	578.043400	-199.938319	-200.005031	0.017955	-0.000037	-0.000990	-0.000287	0.000000	NaN	NaN	NaN	NaN	NaN
190.000000	574.712644	1.000000	570.000000	1.000000	574.747700	200.005031	200.071744	0.032686	-0.000031	0.006641	-0.000284	0.000000	NaN	NaN	NaN	NaN	NaN
191.000000	574.712644	1.000000	570.000000	1.000000	574.747700	180.057899	180.124611	0.070177	-0.000040	0.025571	-0.000306	0.000000	NaN	NaN	NaN	NaN	NaN
192.000000	574.712644	1.000000	570.000000	1.000000	574.747700	160.110766	160.044053	0.064719	-0.000032	0.021805	-0.000269	0.000000	NaN	NaN	NaN	NaN	NaN
193.000000	574.712644	1.000000	570.000000	1.000000	574.747700	140.030207	140.096920	0.047813	-0.000040	0.013681	-0.000296	0.000000	NaN	NaN	NaN	NaN	NaN
194.000000	574.712644	1.000000	570.000000	1.000000	574.747700	120.083074	120.149787	0.061820	-0.000039	0.020405	-0.000285	0.000000	NaN	NaN	NaN	NaN	NaN
195.000000	574.712644	1.000000	570.000000	1.000000	574.747700	100.135941	100.069229	0.053175	-0.000034	0.016604	-0.000298	0.000000	NaN	NaN	NaN	NaN	NaN
196.000000	574.712644	1.000000	570.000000	1.000000	574.747700	80.055383	80.055383	0.082046	-0.000031	0.030369	-0.000298	0.000000	NaN	NaN	NaN	NaN	NaN
197.000000	574.712644	1.000000	570.000000	1.000000	574.747700	60.108250	60.041537	0.080818	-0.000026	0.030023	-0.000289	0.000000	NaN	NaN	NaN	NaN	NaN
198.000000	574.712644	1.000000	570.000000	1.000000	574.747700	40.027691	40.027691	0.142368	-0.000039	0.059923	-0.000316	0.000000	NaN	NaN	NaN	NaN	NaN
199.000000	574.712644	1.000000	570.000000	1.000000	574.747700	20.080559	20.080559	0.379439	-0.000027	0.174151	-0.000321	0.000000	NaN	NaN	NaN	NaN	NaN
200.000000	574.712644	1.000000	570.000000	1.000000	574.747700	0.133426	0.000000	0.312510	-0.000032	0.140995	-0.000302	0.000000	NaN	NaN	NaN	NaN	NaN
201.000000	574.712644	1.000000	570.000000	1.000000	574.747700	-19.947133	-19.947133	0.280665	-0.000026	0.126474	-0.000291	0.000000	NaN	NaN	NaN	NaN	NaN
202.000000	574.712644	1.000000	570.000000	1.000000	574.747700	-39.894266	-40.027691	0.301292	-0.000029	0.137580	-0.000301	0.000000	NaN	NaN	NaN	NaN	NaN
203.000000	574.712644	1.000000	570.000000	1.000000	574.747700	-59.974824	-59.974824	0.117161	-0.000028	0.048120	-0.000298	0.000000	NaN	NaN	NaN	NaN	NaN
204.000000	574.712644	1.000000	570.000000	1.000000	574.747700	-79.921957	-79.921957	0.144861	-0.000033	0.060375	-0.000291	0.000000	NaN	NaN	NaN	NaN	NaN
205.000000	574.712644	1.000000	570.000000	1.000000	574.747700	-99.935803	-100.002516	0.135371	-0.000041	0.056483	-0.000293	0.000000	NaN	NaN	NaN	NaN	NaN
206.000000	574.712644	1.000000	570.000000	1.000000	574.747700	-119.949649	-119.949649	0.090928	-0.000041	0.034689	-0.000286	0.000000	NaN	NaN	NaN	NaN	NaN
207.000000	574.712644	1.000000	570.000000	1.000000	574.747700	-139.963494	-139.896782	0.036464	-0.000031	0.008452	-0.000278	0.000000	NaN	NaN	NaN	NaN	NaN
208.000000	574.712644	1.000000	570.000000	1.000000	574.747700	-159.910627	-159.977340	0.034620	-0.000036	0.007287	-0.000293	0.000000	NaN	NaN	NaN	NaN	NaN
209.000000	574.712644	1.000000	570.000000	1.000000	574.747700	-179.991186	-179.924473	0.042070	-0.000030	0.011415	-0.000304	0.000000	NaN	NaN	NaN	NaN	NaN
210.000000	574.712644	1.000000	570.000000	1.000000	574.747700	-199.938319	-200.005031	0.054524	-0.000034	0.017441	-0.000295	0.000000	NaN	NaN	NaN	NaN	NaN
211.000000	571.428571	1.000000	570.000000	1.000000	571.451800	200.005031	200.071744	0.058230	-0.000039	0.019082	-0.000293	0.000000	NaN	NaN	NaN	NaN	NaN
212.000000	571.428571	1.000000	570.000000	1.000000	571.451800	180.057899	180.124611	0.126025	-0.000032	0.051514	-0.000311	0.000000	NaN	NaN	NaN	NaN	NaN
213.000000	571.428571	1.000000	570.000000	1.000000	571.451800	160.110766	160.044053	0.096592	-0.000037	0.036852	-0.000286	0.000000	NaN	NaN	NaN	NaN	NaN
214.000000	571.428571	1.000000	570.000000	1.000000	571.451800	140.030207	140.096920	0.052150	-0.000032	0.016043	-0.000293	0.000000	NaN	NaN	NaN	NaN	NaN
215.000000	571.428571	1.000000	570.000000	1.000000	571.451800	120.083074	120.149787	0.053305	-0.000032	0.016825	-0.000290	0.000000	NaN	NaN	NaN	NaN	NaN
216.000000	571.428571	1.000000	570.000000	1.000000	571.451800	100.135941	100.069229	0.072491	-0.000033	0.025090	-0.000281	0.000000	NaN	NaN	NaN	NaN	NaN
217.000000	571.428571	1.000000	570.000000	1.000000	571.451800	80.055383	80.055383	0.084137	-0.000035	0.032059	-0.000269	0.000000	NaN	NaN	NaN	NaN	NaN
218.000000	571.428571	1.000000	570.000000	1.000000	571.451800	60.108250	60.041537	0.114951	-0.000029	0.046128	-0.000284	0.000000	NaN	NaN	NaN	NaN	NaN
219.000000	571.428571	1.000000	570.000000	1.000000	571.451800	40.027691	40.027691	0.229103	-0.000035	0.101300	-0.000311	0.000000	NaN	NaN	NaN	NaN	NaN
220.000000	571.428571	1.000000	570.000000	1.000000	571.451800	20.080559	20.080559	0.426926	-0.000029	0.196639	-0.000325	0.000000	NaN	NaN	NaN	NaN	NaN
221.000000	571.428571	1.000000	570.000000	1.000000	571.451800	0.133426	0.000000	0.404594	-0.000024	0.185866	-0.000322	0.000000	NaN	NaN	NaN	NaN	NaN
222.000000	571.428571	1.000000	570.000000	1.000000	571.451800	-19.947133	-19.947133	0.340265	-0.000023	0.155086	-0.000307	0.000000	NaN	NaN	NaN	NaN	NaN
223.000000	571.428571	1.000000	570.000000	1.000000	571.451800	-39.894266	-40.027691	0.322964	-0.000026	0.147713	-0.000302	0.000000	NaN	NaN	NaN	NaN	NaN
224.000000	571.428571	1.000000	570.000000	1.000000	571.451800	-59.974824	-59.974824	0.172932	-0.000033	0.074700	-0.000298	0.000000	NaN	NaN	NaN	NaN	NaN
225.000000	571.428571	1.000000	570.000000	1.000000	571.451800	-79.921957	-79.921957	0.150132	-0.000030	0.062981	-0.000317	0.000000	NaN	NaN	NaN	NaN	NaN
226.000000	571.428571	1.000000	570.000000	1.000000	571.451800	-99.935803	-100.002516	0.176224	-0.000030	0.075960	-0.000304	0.000000	NaN	NaN	NaN	NaN	NaN
227.000000	571.428571	1.000000	570.000000	1.000000	571.451800	-119.949649	-119.949649	0.136493	-0.000031	0.056552	-0.000310	0.000000	NaN	NaN	NaN	NaN	NaN
228.000000	571.428571	1.000000	570.000000	1.000000	571.451800	-139.963494	-139.896782	0.103630	-0.000031	0.040690	-0.000296	0.000000	NaN	NaN	NaN	NaN	NaN
229.000000	571.428571	1.000000	570.000000	1.000000	571.451800	-159.910627	-159.977340	0.049720	-0.000033	0.014795	-0.000295	0.000000	NaN	NaN	NaN	NaN	NaN
230.000000	571.428571	1.000000	570.000000	1.000000	571.451800	-179.991186	-179.924473	0.062568	-0.000037	0.021410	-0.000297	0.000000	NaN	NaN	NaN	NaN	NaN
231.000000	571.428571	1.000000	570.000000	1.000000	571.451800	-199.938319	-200.005031	0.061627	-0.000035	0.021286	-0.000305	0.000000	NaN	NaN	NaN	NaN	NaN
232.000000	568.181818	1.000000	570.000000	1.000000	568.155800	200.005031	200.071744	0.039199	-0.000035	0.009314	-0.000278	0.000000	NaN	NaN	NaN	NaN	NaN
233.000000	568.181818	1.000000	570.000000	1.000000	568.155800	180.057899	180.124611	0.126112	-0.000030	0.051303	-0.000298	0.000000	NaN	NaN	NaN	NaN	NaN
234.000000	568.181818	1.000000	570.000000	1.000000	568.155800	160.110766	160.044053	0.052125	-0.000042	0.016118	-0.000266	0.000000	NaN	NaN	NaN	NaN	NaN
235.000000	568.181818	1.000000	570.000000	1.000000	568.155800	140.030207	140.096920	0.037852	-0.000030	0.009145	-0.000287	0.000000	NaN	NaN	NaN	NaN	NaN
236.000000	568.181818	1.000000	570.000000	1.000000	568.155800	120.083074	120.149787	0.067248	-0.000038	0.022935	-0.000286	0.000000	NaN	NaN	NaN	NaN	NaN
237.000000	568.181818	1.000000	570.000000	1.000000	568.155800	100.135941	100.069229	0.090096	-0.000030	0.035022	-0.000310	0.000000	NaN	NaN	NaN	NaN	NaN
238.000000	568.181818	1.000000	570.000000	1.000000	568.155800	80.055383	80.055383	0.089617	-0.000021	0.034381	-0.000288	0.000000	NaN	NaN	NaN	NaN	NaN
239.000000	568.181818	1.000000	570.000000	1.000000	568.155800	60.108250	60.041537	0.126520	-0.000037	0.052858	-0.000296	0.000000	NaN	NaN	NaN	NaN	NaN
240.000000	568.181818	1.000000	570.000000	1.000000	568.155800	40.027691	40.027691	0.317566	-0.000025	0.144860	-0.000344	0.000000	NaN	NaN	NaN	NaN	NaN
241.000000	568.181818	1.000000	570.000000	1.000000	568.155800	20.080559	20.080559	0.345868	-0.000021	0.158106	-0.000298	0.000000	NaN	NaN	NaN	NaN	NaN
242.000000	568.181818	1.000000	570.000000	1.000000	568.155800	0.133426	0.000000	0.309525	-0.000036	0.140575	-0.000324	0.000000	NaN	NaN	NaN	NaN	NaN
243.000000	568.181818	1.000000	570.000000	1.000000	568.155800	-19.947133	-19.947133	0.283268	-0.000036	0.128050	-0.000331	0.000000	NaN	NaN	NaN	NaN	NaN
244.000000	568.181818	1.000000	570.000000	1.000000	568.155800	-39.894266	-40.027691	0.197566	-0.000036	0.085918	-0.000296	0.000000	NaN	NaN	NaN	NaN	NaN
245.000000	568.181818	1.000000	570.000000	1.000000	568.155800	-59.974824	-59.974824	0.137869	-0.000039	0.058643	-0.000291	0.000000	NaN	NaN	NaN	NaN	NaN
246.000000	568.181818	1.000000	570.000000	1.000000	568.155800	-79.921957	-79.921957	0.204141	-0.000027	0.088119	-0.000290	0.000000	NaN	NaN	NaN	NaN	NaN
247.000000	568.181818	1.000000	570.000000	1.000000	568.155800	-99.935803	-100.002516	0.167450	-0.000035	0.071075	-0.000284	0.000000	NaN	NaN	NaN	NaN	NaN
248.000000	568.181818	1.000000	570.000000	1.000000	568.155800	-119.949649	-119.949649	0.140186	-0.000037	0.058492	-0.000287	0.000000	NaN	NaN	NaN	NaN	NaN
249.000000	568.181818	1.000000	570.000000	1.000000	568.155800	-139.963494	-139.896782	0.034942	-0.000029	0.008028	-0.000296	0.000000	NaN	NaN	NaN	NaN	NaN
250.000000	568.181818	1.000000	570.000000	1.000000	568.155800	-159.910627	-159.977340	0.043322	-0.000037	0.012327	-0.000273	0.000000	NaN	NaN	NaN	NaN	NaN
251.000000	568.181818	1.000000	570.000000	1.000000	568.155800	-179.991186	-179.924473	0.113661	-0.000036	0.045320	-0.000284	0.000000	NaN	NaN	NaN	NaN	NaN
252.000000	568.181818	1.000000	570.000000	1.000000	568.155800	-199.938319	-200.005031	0.054508	-0.000032	0.017856	-0.000299	0.000000	NaN	NaN	NaN	NaN	NaN
253.000000	564.971751	1.000000	570.000000	1.000000	564.962600	200.005031	200.071744	0.054038	-0.000035	0.016809	-0.000293	0.000000	NaN	NaN	NaN	NaN	NaN
254.000000	564.971751	1.000000	570.000000	1.000000	564.962600	180.057899	180.124611	0.105986	-0.000032	0.042565	-0.000298	0.000000	NaN	NaN	NaN	NaN	NaN
255.000000	564.971751	1.000000	570.000000	1.000000	564.962600	160.110766	160.044053	0.049813	-0.000031	0.014921	-0.000282	0.000000	NaN	NaN	NaN	NaN	NaN
256.000000	564.971751	1.000000	570.000000	1.000000	564.962600	140.030207	140.096920	0.047655	-0.000031	0.013595	-0.000259	0.000000	NaN	NaN	NaN	NaN	NaN
257.000000	564.971751	1.000000	570.000000	1.000000	564.962600	120.083074	120.149787	0.050021	-0.000031	0.015169	-0.000288	0.000000	NaN	NaN	NaN	NaN	NaN
258.000000	564.971751	1.000000	570.000000	1.000000	564.962600	100.135941	100.069229	0.097812	-0.000035	0.038040	-0.000289	0.000000	NaN	NaN	NaN	NaN	NaN
259.000000	564.971751	1.000000	570.000000	1.000000	564.962600	80.055383	80.055383	0.099530	-0.000039	0.038703	-0.000271	0.000000	NaN	NaN	NaN	NaN	NaN
260.000000	564.971751	1.000000	570.000000	1.000000	564.962600	60.108250	60.041537	0.158113	-0.000035	0.067331	-0.000277	0.000000	NaN	NaN	NaN	NaN	NaN
261.000000	564.971751	1.000000	570.000000	1.000000	564.962600	40.027691	40.027691	0.321027	-0.000033	0.146070	-0.000316	0.000000	NaN	NaN	NaN	NaN	NaN
262.000000	564.971751	1.000000	570.000000	1.000000	564.962600	20.080559	20.080559	0.313408	-0.000028	0.141774	-0.000331	0.000000	NaN	NaN	NaN	NaN	NaN
263.000000	564.971751	1.000000	570.000000	1.000000	564.962600	0.133426	0.000000	0.299286	-0.000033	0.135118	-0.000319	0.000000	NaN	NaN	NaN	NaN	NaN
264.000000	564.971751	1.000000	570.000000	1.000000	564.962600	-19.947133	-19.947133	0.258374	-0.000025	0.115573	-0.000311	0.000000	NaN	NaN	NaN	NaN	NaN
265.000000	564.971751	1.000000	570.000000	1.000000	564.962600	-39.894266	-40.027691	0.162741	-0.000027	0.069128	-0.000307	0.000000	NaN	NaN	NaN	NaN	NaN
266.000000	564.971751	1.000000	570.000000	1.000000	564.962600	-59.974824	-59.974824	0.155312	-0.000030	0.066117	-0.000298	0.000000	NaN	NaN	NaN	NaN	NaN
267.000000	564.971751	1.000000	570.000000	1.000000	564.962600	-79.921957	-79.921957	0.143485	-0.000033	0.059903	-0.000286	0.000000	NaN	NaN	NaN	NaN	NaN
268.000000	564.971751	1.000000	570.000000	1.000000	564.962600	-99.935803	-100.002516	0.109003	-0.000037	0.042858	-0.000307	0.000000	NaN	NaN	NaN	NaN	NaN
269.000000	564.971751	1.000000	570.000000	1.000000	564.962600	-119.949649	-119.949649	0.093984	-0.000034	0.035972	-0.000275	0.000000	NaN	NaN	NaN	NaN	NaN
270.000000	564.971751	1.000000	570.000000	1.000000	564.962600	-139.963494	-139.896782	0.050535	-0.000036	0.014197	-0.000281	0.000000	NaN	NaN	NaN	NaN	NaN
271.000000	564.971751	1.000000	570.000000	1.000000	564.962600	-159.910627	-159.977340	0.063213	-0.000026	0.021659	-0.000271	0.000000	NaN	NaN	NaN	NaN	NaN
272.000000	564.971751	1.000000	570.000000	1.000000	564.962600	-179.991186	-179.924473	0.055411	-0.000037	0.017562	-0.000267	0.000000	NaN	NaN	NaN	NaN	NaN
273.000000	564.971751	1.000000	570.000000	1.000000	564.962600	-199.938319	-200.005031	0.058005	-0.000036	0.018494	-0.000290	0.000000	NaN	NaN	NaN	NaN	NaN
274.000000	561.797753	1.000000	570.000000	1.000000	561.769300	200.005031	200.071744	0.072469	-0.000027	0.026016	-0.000286	0.000000	NaN	NaN	NaN	NaN	NaN
275.000000	561.797753	1.000000	570.000000	1.000000	561.769300	180.057899	180.124611	0.071221	-0.000023	0.024692	-0.000307	0.000000	NaN	NaN	NaN	NaN	NaN
276.000000	561.797753	1.000000	570.000000	1.000000	561.769300	160.110766	160.044053	0.038733	-0.000035	0.010030	-0.000273	0.000000	NaN	NaN	NaN	NaN	NaN
277.000000	561.797753	1.000000	570.000000	1.000000	561.769300	140.030207	140.096920	0.065579	-0.000030	0.022486	-0.000282	0.000000	NaN	NaN	NaN	NaN	NaN
278.000000	561.797753	1.000000	570.000000	1.000000	561.769300	120.083074	120.149787	0.082965	-0.000035	0.030128	-0.000278	0.000000	NaN	NaN	NaN	NaN	NaN
279.000000	561.797753	1.000000	570.000000	1.000000	561.769300	100.135941	100.069229	0.098471	-0.000034	0.038770	-0.000298	0.000000	NaN	NaN	NaN	NaN	NaN
280.000000	561.797753	1.000000	570.000000	1.000000	561.769300	80.055383	80.055383	0.097193	-0.000027	0.037285	-0.000290	0.000000	NaN	NaN	NaN	NaN	NaN
281.000000	561.797753	1.000000	570.000000	1.000000	561.769300	60.108250	60.041537	0.182622	-0.000028	0.078601	-0.000285	0.000000	NaN	NaN	NaN	NaN	NaN
282.000000	561.797753	1.000000	570.000000	1.000000	561.769300	40.027691	40.027691	0.346370	-0.000023	0.158096	-0.000315	0.000000	NaN	NaN	NaN	NaN	NaN
283.000000	561.797753	1.000000	570.000000	1.000000	561.769300	20.080559	20.080559	0.311340	-0.000019	0.141628	-0.000293	0.000000	NaN	NaN	NaN	NaN	NaN
284.000000	561.797753	1.000000	570.000000	1.000000	561.769300	0.133426	0.000000	0.290982	-0.000029	0.132058	-0.000318	0.000000	NaN	NaN	NaN	NaN	NaN
285.000000	561.797753	1.000000	570.000000	1.000000	561.769300	-19.947133	-19.947133	0.225480	-0.000032	0.100555	-0.000302	0.000000	NaN	NaN	NaN	NaN	NaN
286.000000	561.797753	1.000000	570.000000	1.000000	561.769300	-39.894266	-40.027691	0.124173	-0.000030	0.051511	-0.000274	0.000000	NaN	NaN	NaN	NaN	NaN
287.000000	561.797753	1.000000	570.000000	1.000000	561.769300	-59.974824	-59.974824	0.158796	-0.000026	0.068535	-0.000288	0.000000	NaN	NaN	NaN	NaN	NaN
288.000000	561.797753	1.000000	570.000000	1.000000	561.769300	-79.921957	-79.921957	0.112808	-0.000022	0.045305	-0.000282	0.000000	NaN	NaN	NaN	NaN	NaN
289.000000	561.797753	1.000000	570.000000	1.000000	561.769300	-99.935803	-100.002516	0.075282	-0.000030	0.026975	-0.000284	0.000000	NaN	NaN	NaN	NaN	NaN
290.000000	561.797753	1.000000	570.000000	1.000000	561.769300	-119.949649	-119.949649	0.059635	-0.000029	0.020293	-0.000273	0.000000	NaN	NaN	NaN	NaN	NaN
291.000000	561.797753	1.000000	570.000000	1.000000	561.769300	-139.963494	-139.896782	0.076687	-0.000034	0.027312	-0.000291	0.000000	NaN	NaN	NaN	NaN	NaN
292.000000	561.797753	1.000000	570.000000	1.000000	561.769300	-159.910627	-159.977340	0.069776	-0.000036	0.025017	-0.000295	0.000000	NaN	NaN	NaN	NaN	NaN
293.000000	561.797753	1.000000	570.000000	1.000000	561.769300	-179.991186	-179.924473	0.067855	-0.000022	0.023544	-0.000281	0.000000	NaN	NaN	NaN	NaN	NaN
294.000000	561.797753	1.000000	570.000000	1.000000	561.769300	-199.938319	-200.005031	0.069987	-0.000035	0.023693	-0.000294	0.000000	NaN	NaN	NaN	NaN	NaN
295.000000	558.659218	1.000000	570.000000	1.000000	558.678800	200.005031	200.071744	0.051255	-0.000037	0.015645	-0.000279	0.000000	NaN	NaN	NaN	NaN	NaN
296.000000	558.659218	1.000000	570.000000	1.000000	558.678800	180.057899	180.124611	0.034861	-0.000034	0.008170	-0.000284	0.000000	NaN	NaN	NaN	NaN	NaN
297.000000	558.659218	1.000000	570.000000	1.000000	558.678800	160.110766	160.044053	0.040515	-0.000034	0.010229	-0.000298	0.000000	NaN	NaN	NaN	NaN	NaN
298.000000	558.659218	1.000000	570.000000	1.000000	558.678800	140.030207	140.096920	0.067520	-0.000033	0.022490	-0.000267	0.000000	NaN	NaN	NaN	NaN	NaN
299.000000	558.659218	1.000000	570.000000	1.000000	558.678800	120.083074	120.149787	0.055255	-0.000040	0.016891	-0.000283	0.000000	NaN	NaN	NaN	NaN	NaN
300.000000	558.659218	1.000000	570.000000	1.000000	558.678800	100.135941	100.069229	0.071947	-0.000034	0.025084	-0.000292	0.000000	NaN	NaN	NaN	NaN	NaN
301.000000	558.659218	1.000000	570.000000	1.000000	558.678800	80.055383	80.055383	0.113678	-0.000031	0.044949	-0.000291	0.000000	NaN	NaN	NaN	NaN	NaN
302.000000	558.659218	1.000000	570.000000	1.000000	558.678800	60.108250	60.041537	0.198494	-0.000027	0.086921	-0.000307	0.000000	NaN	NaN	NaN	NaN	NaN
303.000000	558.659218	1.000000	570.000000	1.000000	558.678800	40.027691	40.027691	0.307299	-0.000032	0.139478	-0.000298	0.000000	NaN	NaN	NaN	NaN	NaN
304.000000	558.659218	1.000000	570.000000	1.000000	558.678800	20.080559	20.080559	0.296320	-0.000035	0.134795	-0.000316	0.000000	NaN	NaN	NaN	NaN	NaN
305.000000	558.659218	1.000000	570.000000	1.000000	558.678800	0.133426	0.000000	0.265722	-0.000024	0.119090	-0.000302	0.000000	NaN	NaN	NaN	NaN	NaN
306.000000	558.659218	1.000000	570.000000	1.000000	558.678800	-19.947133	-19.947133	0.179445	-0.000033	0.077661	-0.000305	0.000000	NaN	NaN	NaN	NaN	NaN
307.000000	558.659218	1.000000	570.000000	1.000000	558.678800	-39.894266	-40.027691	0.127178	-0.000031	0.052030	-0.000283	0.000000	NaN	NaN	NaN	NaN	NaN
308.000000	558.659218	1.000000	570.000000	1.000000	558.678800	-59.974824	-59.974824	0.134959	-0.000034	0.055670	-0.000271	0.000000	NaN	NaN	NaN	NaN	NaN
309.000000	558.659218	1.000000	570.000000	1.000000	558.678800	-79.921957	-79.921957	0.098039	-0.000034	0.037410	-0.000275	0.000000	NaN	NaN	NaN	NaN	NaN
310.000000	558.659218	1.000000	570.000000	1.000000	558.678800	-99.935803	-100.002516	0.053847	-0.000034	0.016817	-0.000295	0.000000	NaN	NaN	NaN	NaN	NaN
311.000000	558.659218	1.000000	570.000000	1.000000	558.678800	-119.949649	-119.949649	0.041075	-0.000028	0.010262	-0.000291	0.000000	NaN	NaN	NaN	NaN	NaN
312.000000	558.659218	1.000000	570.000000	1.000000	558.678800	-139.963494	-139.896782	0.058799	-0.000033	0.018415	-0.000278	0.000000	NaN	NaN	NaN	NaN	NaN
313.000000	558.659218	1.000000	570.000000	1.000000	558.678800	-159.910627	-159.977340	0.050320	-0.000030	0.015574	-0.000298	0.000000	NaN	NaN	NaN	NaN	NaN
314.000000	558.659218	1.000000	570.000000	1.000000	558.678800	-179.991186	-179.924473	0.051419	-0.000037	0.016107	-0.000305	0.000000	NaN	NaN	NaN	NaN	NaN
315.000000	558.659218	1.000000	570.000000	1.000000	558.678800	-199.938319	-200.005031	0.046924	-0.000029	0.013963	-0.000270	0.000000	NaN	NaN	NaN	NaN	NaN
316.000000	555.555556	1.000000	570.000000	1.000000	555.588300	200.005031	200.071744	0.026128	-0.000027	0.003606	-0.000295	0.000000	NaN	NaN	NaN	NaN	NaN
317.000000	555.555556	1.000000	570.000000	1.000000	555.588300	180.057899	180.124611	0.015824	-0.000031	-0.002465	-0.000279	0.000000	NaN	NaN	NaN	NaN	NaN
318.000000	555.555556	1.000000	570.000000	1.000000	555.588300	160.110766	160.044053	0.025038	-0.000034	0.002601	-0.000282	0.000000	NaN	NaN	NaN	NaN	NaN
319.000000	555.555556	1.000000	570.000000	1.000000	555.588300	140.030207	140.096920	0.033997	-0.000038	0.006372	-0.000284	0.000000	NaN	NaN	NaN	NaN	NaN
320.000000	555.555556	1.000000	570.000000	1.000000	555.588300	120.083074	120.149787	0.032090	-0.000032	0.007207	-0.000281	0.000000	NaN	NaN	NaN	NaN	NaN
321.000000	555.555556	1.000000	570.000000	1.000000	555.588300	100.135941	100.069229	0.017484	-0.000036	-0.000526	-0.000288	0.000000	NaN	NaN	NaN	NaN	NaN
322.000000	555.555556	1.000000	570.000000	1.000000	555.588300	80.055383	80.055383	0.074214	-0.000025	0.026746	-0.000284	0.000000	NaN	NaN	NaN	NaN	NaN
323.000000	555.555556	1.000000	570.000000	1.000000	555.588300	60.108250	60.041537	0.177685	-0.000027	0.075948	-0.000298	0.000000	NaN	NaN	NaN	NaN	NaN
324.000000	555.555556	1.000000	570.000000	1.000000	555.588300	40.027691	40.027691	0.255018	-0.000033	0.113840	-0.000308	0.000000	NaN	NaN	NaN	NaN	NaN
325.000000	555.555556	1.000000	570.000000	1.000000	555.588300	20.080559	20.080559	0.252039	-0.000024	0.112433	-0.000291	0.000000	NaN	NaN	NaN	NaN	NaN
326.000000	555.555556	1.000000	570.000000	1.000000	555.588300	0.133426	0.000000	0.191219	-0.000025	0.083156	-0.000292	0.000000	NaN	NaN	NaN	NaN	NaN
327.000000	555.555556	1.000000	570.000000	1.000000	555.588300	-19.947133	-19.947133	0.121611	-0.000030	0.048980	-0.000279	0.000000	NaN	NaN	NaN	NaN	NaN
328.000000	555.555556	1.000000	570.000000	1.000000	555.588300	-39.894266	-40.027691	0.103781	-0.000031	0.041231	-0.000284	0.000000	NaN	NaN	NaN	NaN	NaN
329.000000	555.555556	1.000000	570.000000	1.000000	555.588300	-59.974824	-59.974824	0.122656	-0.000034	0.049273	-0.000304	0.000000	NaN	NaN	NaN	NaN	NaN
330.000000	555.555556	1.000000	570.000000	1.000000	555.588300	-79.921957	-79.921957	0.064140	-0.000032	0.021956	-0.000276	0.000000	NaN	NaN	NaN	NaN	NaN
331.000000	555.555556	1.000000	570.000000	1.000000	555.588300	-99.935803	-100.002516	0.019043	-0.000028	0.000114	-0.000295	0.000000	NaN	NaN	NaN	NaN	NaN
332.000000	555.555556	1.000000	570.000000	1.000000	555.588300	-119.949649	-119.949649	0.021283	-0.000031	0.000708	-0.000280	0.000000	NaN	NaN	NaN	NaN	NaN
333.000000	555.555556	1.000000	570.000000	1.000000	555.588300	-139.963494	-139.896782	0.026237	-0.000038	0.003213	-0.000284	0.000000	NaN	NaN	NaN	NaN	NaN
334.000000	555.555556	1.000000	570.000000	1.000000	555.588300	-159.910627	-159.977340	0.017483	-0.000033	-0.000702	-0.000289	0.000000	NaN	NaN	NaN	NaN	NaN
335.000000	555.555556	1.000000	570.000000	1.000000	555.588300	-179.991186	-179.924473	0.023100	-0.000033	0.003022	-0.000288	0.000000	NaN	NaN	NaN	NaN	NaN
336.000000	555.555556	1.000000	570.000000	1.000000	555.588300	-199.938319	-200.005031	0.016433	-0.000037	-0.000883	-0.000286	0.000000	NaN	NaN	NaN	NaN	NaN
337.000000	552.486188	1.000000	570.000000	1.000000	552.497600	200.005031	200.071744	0.009150	-0.000029	-0.004398	-0.000266	0.000000	NaN	NaN	NaN	NaN	NaN
338.000000	552.486188	1.000000	570.000000	1.000000	552.497600	180.057899	180.124611	0.000987	-0.000037	-0.009060	-0.000284	0.000000	NaN	NaN	NaN	NaN	NaN
339.000000	552.486188	1.000000	570.000000	1.000000	552.497600	160.110766	160.044053	0.006243	-0.000038	-0.006035	-0.000273	0.000000	NaN	NaN	NaN	NaN	NaN
340.000000	552.486188	1.000000	570.000000	1.000000	552.497600	140.030207	140.096920	0.010239	-0.000034	-0.004187	-0.000256	0.000000	NaN	NaN	NaN	NaN	NaN
341.000000	552.486188	1.000000	570.000000	1.000000	552.497600	120.083074	120.149787	0.012606	-0.000032	-0.003079	-0.000262	0.000000	NaN	NaN	NaN	NaN	NaN
342.000000	552.486188	1.000000	570.000000	1.000000	552.497600	100.135941	100.069229	0.018644	-0.000034	-0.000312	-0.000296	0.000000	NaN	NaN	NaN	NaN	NaN
343.000000	552.486188	1.000000	570.000000	1.000000	552.497600	80.055383	80.055383	0.078602	-0.000031	0.028182	-0.000302	0.000000	NaN	NaN	NaN	NaN	NaN
344.000000	552.486188	1.000000	570.000000	1.000000	552.497600	60.108250	60.041537	0.174719	-0.000026	0.074665	-0.000294	0.000000	NaN	NaN	NaN	NaN	NaN
345.000000	552.486188	1.000000	570.000000	1.000000	552.497600	40.027691	40.027691	0.211074	-0.000034	0.092542	-0.000319	0.000000	NaN	NaN	NaN	NaN	NaN
346.000000	552.486188	1.000000	570.000000	1.000000	552.497600	20.080559	20.080559	0.199982	-0.000026	0.087361	-0.000297	0.000000	NaN	NaN	NaN	NaN	NaN
347.000000	552.486188	1.000000	570.000000	1.000000	552.497600	0.133426	0.000000	0.167917	-0.000033	0.073124	-0.000301	0.000000	NaN	NaN	NaN	NaN	NaN
348.000000	552.486188	1.000000	570.000000	1.000000	552.497600	-19.947133	-19.947133	0.071162	-0.000033	0.025950	-0.000262	0.000000	NaN	NaN	NaN	NaN	NaN
349.000000	552.486188	1.000000	570.000000	1.000000	552.497600	-39.894266	-40.027691	0.114139	-0.000031	0.046900	-0.000266	0.000000	NaN	NaN	NaN	NaN	NaN
350.000000	552.486188	1.000000	570.000000	1.000000	552.497600	-59.974824	-59.974824	0.091962	-0.000036	0.034514	-0.000301	0.000000	NaN	NaN	NaN	NaN	NaN
351.000000	552.486188	1.000000	570.000000	1.000000	552.497600	-79.921957	-79.921957	0.041771	-0.000038	0.010956	-0.000276	0.000000	NaN	NaN	NaN	NaN	NaN
352.000000	552.486188	1.000000	570.000000	1.000000	552.497600	-99.935803	-100.002516	0.003157	-0.000032	-0.007646	-0.000289	0.000000	NaN	NaN	NaN	NaN	NaN
353.000000	552.486188	1.000000	570.000000	1.000000	552.497600	-119.949649	-119.949649	0.004817	-0.000032	-0.007512	-0.000276	0.000000	NaN	NaN	NaN	NaN	NaN
354.000000	552.486188	1.000000	570.000000	1.000000	552.497600	-139.963494	-139.896782	0.006476	-0.000031	-0.006034	-0.000283	0.000000	NaN	NaN	NaN	NaN	NaN
355.000000	552.486188	1.000000	570.000000	1.000000	552.497600	-159.910627	-159.977340	0.004192	-0.000028	-0.007056	-0.000302	0.000000	NaN	NaN	NaN	NaN	NaN
356.000000	552.486188	1.000000	570.000000	1.000000	552.497600	-179.991186	-179.924473	0.000271	-0.000028	-0.008327	-0.000287	0.000000	NaN	NaN	NaN	NaN	NaN
357.000000	552.486188	1.000000	570.000000	1.000000	552.497600	-199.938319	-200.005031	0.008137	-0.000035	-0.005505	-0.000302	0.000000	NaN	NaN	NaN	NaN	NaN
358.000000	549.450549	1.000000	570.000000	1.000000	549.406700	200.005031	200.071744	-0.006490	-0.000030	-0.012950	-0.000273	0.000000	NaN	NaN	NaN	NaN	NaN
359.000000	549.450549	1.000000	570.000000	1.000000	549.406700	180.057899	180.124611	-0.014369	-0.000032	-0.015785	-0.000295	0.000000	NaN	NaN	NaN	NaN	NaN
360.000000	549.450549	1.000000	570.000000	1.000000	549.406700	160.110766	160.044053	-0.011213	-0.000031	-0.014496	-0.000285	0.000000	NaN	NaN	NaN	NaN	NaN
361.000000	549.450549	1.000000	570.000000	1.000000	549.406700	140.030207	140.096920	-0.006895	-0.000035	-0.012322	-0.000273	0.000000	NaN	NaN	NaN	NaN	NaN
362.000000	549.450549	1.000000	570.000000	1.000000	549.406700	120.083074	120.149787	0.001252	-0.000031	-0.008405	-0.000280	0.000000	NaN	NaN	NaN	NaN	NaN
363.000000	549.450549	1.000000	570.000000	1.000000	549.406700	100.135941	100.069229	0.007471	-0.000038	-0.004841	-0.000288	0.000000	NaN	NaN	NaN	NaN	NaN
364.000000	549.450549	1.000000	570.000000	1.000000	549.406700	80.055383	80.055383	0.079335	-0.000033	0.029136	-0.000286	0.000000	NaN	NaN	NaN	NaN	NaN
365.000000	549.450549	1.000000	570.000000	1.000000	549.406700	60.108250	60.041537	0.148290	-0.000027	0.061963	-0.000296	0.000000	NaN	NaN	NaN	NaN	NaN
366.000000	549.450549	1.000000	570.000000	1.000000	549.406700	40.027691	40.027691	0.146403	-0.000025	0.062159	-0.000296	0.000000	NaN	NaN	NaN	NaN	NaN
367.000000	549.450549	1.000000	570.000000	1.000000	549.406700	20.080559	20.080559	0.167636	-0.000029	0.071768	-0.000261	0.000000	NaN	NaN	NaN	NaN	NaN
368.000000	549.450549	1.000000	570.000000	1.000000	549.406700	0.133426	0.000000	0.109913	-0.000028	0.044046	-0.000286	0.000000	NaN	NaN	NaN	NaN	NaN
369.000000	549.450549	1.000000	570.000000	1.000000	549.406700	-19.947133	-19.947133	0.085234	-0.000034	0.032755	-0.000285	0.000000	NaN	NaN	NaN	NaN	NaN
370.000000	549.450549	1.000000	570.000000	1.000000	549.406700	-39.894266	-40.027691	0.109643	-0.000033	0.043538	-0.000293	0.000000	NaN	NaN	NaN	NaN	NaN
371.000000	549.450549	1.000000	570.000000	1.000000	549.406700	-59.974824	-59.974824	0.068622	-0.000037	0.023818	-0.000295	0.000000	NaN	NaN	NaN	NaN	NaN
372.000000	549.450549	1.000000	570.000000	1.000000	549.406700	-79.921957	-79.921957	0.003319	-0.000028	-0.006902	-0.000269	0.000000	NaN	NaN	NaN	NaN	NaN
373.000000	549.450549	1.000000	570.000000	1.000000	549.406700	-99.935803	-100.002516	-0.006261	-0.000035	-0.012173	-0.000300	0.000000	NaN	NaN	NaN	NaN	NaN
374.000000	549.450549	1.000000	570.000000	1.000000	549.406700	-119.949649	-119.949649	-0.011176	-0.000037	-0.013522	-0.000287	0.000000	NaN	NaN	NaN	NaN	NaN
375.000000	549.450549	1.000000	570.000000	1.000000	549.406700	-139.963494	-139.896782	-0.008021	-0.000034	-0.012633	-0.000273	0.000000	NaN	NaN	NaN	NaN	NaN
376.000000	549.450549	1.000000	570.000000	1.000000	549.406700	-159.910627	-159.977340	-0.005288	-0.000031	-0.011756	-0.000285	0.000000	NaN	NaN	NaN	NaN	NaN
377.000000	549.450549	1.000000	570.000000	1.000000	549.406700	-179.991186	-179.924473	-0.011537	-0.000027	-0.014280	-0.000288	0.000000	NaN	NaN	NaN	NaN	NaN
378.000000	549.450549	1.000000	570.000000	1.000000	549.406700	-199.938319	-200.005031	-0.005122	-0.000031	-0.011949	-0.000273	0.000000	NaN	NaN	NaN	NaN	NaN
379.000000	546.448087	1.000000	570.000000	1.000000	546.418800	200.005031	200.071744	-0.016028	-0.000034	-0.017398	-0.000276	0.000000	NaN	NaN	NaN	NaN	NaN
380.000000	546.448087	1.000000	570.000000	1.000000	546.418800	180.057899	180.124611	-0.009659	-0.000033	-0.014963	-0.000300	0.000000	NaN	NaN	NaN	NaN	NaN
381.000000	546.448087	1.000000	570.000000	1.000000	546.418800	160.110766	160.044053	-0.013729	-0.000035	-0.016502	-0.000276	0.000000	NaN	NaN	NaN	NaN	NaN
382.000000	546.448087	1.000000	570.000000	1.000000	546.418800	140.030207	140.096920	-0.006700	-0.000032	-0.012399	-0.000286	0.000000	NaN	NaN	NaN	NaN	NaN
383.000000	546.448087	1.000000	570.000000	1.000000	546.418800	120.083074	120.149787	-0.011050	-0.000034	-0.014486	-0.000287	0.000000	NaN	NaN	NaN	NaN	NaN
384.000000	546.448087	1.000000	570.000000	1.000000	546.418800	100.135941	100.069229	0.016199	-0.000036	-0.001592	-0.000284	0.000000	NaN	NaN	NaN	NaN	NaN
385.000000	546.448087	1.000000	570.000000	1.000000	546.418800	80.055383	80.055383	0.074865	-0.000030	0.026276	-0.000266	0.000000	NaN	NaN	NaN	NaN	NaN
386.000000	546.448087	1.000000	570.000000	1.000000	546.418800	60.108250	60.041537	0.132875	-0.000027	0.055534	-0.000300	0.000000	NaN	NaN	NaN	NaN	NaN
387.000000	546.448087	1.000000	570.000000	1.000000	546.418800	40.027691	40.027691	0.169841	-0.000033	0.073770	-0.000316	0.000000	NaN	NaN	NaN	NaN	NaN
388.000000	546.448087	1.000000	570.000000	1.000000	546.418800	20.080559	20.080559	0.170753	-0.000024	0.072157	-0.000304	0.000000	NaN	NaN	NaN	NaN	NaN
389.000000	546.448087	1.000000	570.000000	1.000000	546.418800	0.133426	0.000000	0.140261	-0.000023	0.058920	-0.000305	0.000000	NaN	NaN	NaN	NaN	NaN
390.000000	546.448087	1.000000	570.000000	1.000000	546.418800	-19.947133	-19.947133	0.106208	-0.000030	0.042673	-0.000300	0.000000	NaN	NaN	NaN	NaN	NaN
391.000000	546.448087	1.000000	570.000000	1.000000	546.418800	-39.894266	-40.027691	0.082342	-0.000031	0.030322	-0.000298	0.000000	NaN	NaN	NaN	NaN	NaN
392.000000	546.448087	1.000000	570.000000	1.000000	546.418800	-59.974824	-59.974824	0.042087	-0.000030	0.011311	-0.000280	0.000000	NaN	NaN	NaN	NaN	NaN
393.000000	546.448087	1.000000	570.000000	1.000000	546.418800	-79.921957	-79.921957	-0.004914	-0.000033	-0.012272	-0.000277	0.000000	NaN	NaN	NaN	NaN	NaN
394.000000	546.448087	1.000000	570.000000	1.000000	546.418800	-99.935803	-100.002516	-0.019464	-0.000038	-0.017177	-0.000288	0.000000	NaN	NaN	NaN	NaN	NaN
395.000000	546.448087	1.000000	570.000000	1.000000	546.418800	-119.949649	-119.949649	-0.010936	-0.000036	-0.015308	-0.000253	0.000000	NaN	NaN	NaN	NaN	NaN
396.000000	546.448087	1.000000	570.000000	1.000000	546.418800	-139.963494	-139.896782	-0.017508	-0.000037	-0.016813	-0.000275	0.000000	NaN	NaN	NaN	NaN	NaN
397.000000	546.448087	1.000000	570.000000	1.000000	546.418800	-159.910627	-159.977340	-0.015216	-0.000039	-0.015979	-0.000274	0.000000	NaN	NaN	NaN	NaN	NaN
398.000000	546.448087	1.000000	570.000000	1.000000	546.418800	-179.991186	-179.924473	-0.016675	-0.000032	-0.016449	-0.000275	0.000000	NaN	NaN	NaN	NaN	NaN
399.000000	546.448087	1.000000	570.000000	1.000000	546.418800	-199.938319	-200.005031	-0.017485	-0.000036	-0.017337	-0.000268	0.000000	NaN	NaN	NaN	NaN	NaN
400.000000	543.478261	1.000000	570.000000	1.000000	543.430700	200.005031	200.071744	-0.023969	-0.000034	-0.019966	-0.000267	0.000000	NaN	NaN	NaN	NaN	NaN
401.000000	543.478261	1.000000	570.000000	1.000000	543.430700	180.057899	180.124611	-0.014220	-0.000038	-0.017160	-0.000300	0.000000	NaN	NaN	NaN	NaN	NaN
402.000000	543.478261	1.000000	570.000000	1.000000	543.430700	160.110766	160.044053	-0.019799	-0.000034	-0.018883	-0.000284	0.000000	NaN	NaN	NaN	NaN	NaN
403.000000	543.478261	1.000000	570.000000	1.000000	543.430700	140.030207	140.096920	-0.014518	-0.000028	-0.016239	-0.000296	0.000000	NaN	NaN	NaN	NaN	NaN
404.000000	543.478261	1.000000	570.000000	1.000000	543.430700	120.083074	120.149787	-0.016951	-0.000032	-0.016335	-0.000278	0.000000	NaN	NaN	NaN	NaN	NaN
405.000000	543.478261	1.000000	570.000000	1.000000	543.430700	100.135941	100.069229	0.018931	-0.000035	0.000715	-0.000285	0.000000	NaN	NaN	NaN	NaN	NaN
406.000000	543.478261	1.000000	570.000000	1.000000	543.430700	80.055383	80.055383	0.085335	-0.000031	0.030954	-0.000276	0.000000	NaN	NaN	NaN	NaN	NaN
407.000000	543.478261	1.000000	570.000000	1.000000	543.430700	60.108250	60.041537	0.166000	-0.000030	0.070498	-0.000295	0.000000	NaN	NaN	NaN	NaN	NaN
408.000000	543.478261	1.000000	570.000000	1.000000	543.430700	40.027691	40.027691	0.176456	-0.000028	0.076175	-0.000296	0.000000	NaN	NaN	NaN	NaN	NaN
409.000000	543.478261	1.000000	570.000000	1.000000	543.430700	20.080559	20.080559	0.112492	-0.000033	0.045257	-0.000284	0.000000	NaN	NaN	NaN	NaN	NaN
410.000000	543.478261	1.000000	570.000000	1.000000	543.430700	0.133426	0.000000	0.147540	-0.000032	0.060812	-0.000282	0.000000	NaN	NaN	NaN	NaN	NaN
411.000000	543.478261	1.000000	570.000000	1.000000	543.430700	-19.947133	-19.947133	0.093762	-0.000039	0.035857	-0.000282	0.000000	NaN	NaN	NaN	NaN	NaN
412.000000	543.478261	1.000000	570.000000	1.000000	543.430700	-39.894266	-40.027691	0.044647	-0.000032	0.012245	-0.000289	0.000000	NaN	NaN	NaN	NaN	NaN
413.000000	543.478261	1.000000	570.000000	1.000000	543.430700	-59.974824	-59.974824	0.001132	-0.000038	-0.009380	-0.000313	0.000000	NaN	NaN	NaN	NaN	NaN
414.000000	543.478261	1.000000	570.000000	1.000000	543.430700	-79.921957	-79.921957	-0.023621	-0.000033	-0.019769	-0.000286	0.000000	NaN	NaN	NaN	NaN	NaN
415.000000	543.478261	1.000000	570.000000	1.000000	543.430700	-99.935803	-100.002516	-0.017802	-0.000036	-0.017873	-0.000282	0.000000	NaN	NaN	NaN	NaN	NaN
416.000000	543.478261	1.000000	570.000000	1.000000	543.430700	-119.949649	-119.949649	-0.021124	-0.000027	-0.019124	-0.000280	0.000000	NaN	NaN	NaN	NaN	NaN
417.000000	543.478261	1.000000	570.000000	1.000000	543.430700	-139.963494	-139.896782	-0.024707	-0.000028	-0.020529	-0.000271	0.000000	NaN	NaN	NaN	NaN	NaN
418.000000	543.478261	1.000000	570.000000	1.000000	543.430700	-159.910627	-159.977340	-0.017436	-0.000034	-0.017988	-0.000294	0.000000	NaN	NaN	NaN	NaN	NaN
419.000000	543.478261	1.000000	570.000000	1.000000	543.430700	-179.991186	-179.924473	-0.016822	-0.000042	-0.017619	-0.000284	0.000000	NaN	NaN	NaN	NaN	NaN
420.000000	543.478261	1.000000	570.000000	1.000000	543.430700	-199.938319	-200.005031	-0.024523	-0.000030	-0.020097	-0.000266	0.000000	NaN	NaN	NaN	NaN	NaN
421.000000	540.540541	1.000000	570.000000	1.000000	540.545600	200.005031	200.071744	-0.021804	-0.000032	-0.020082	-0.000276	0.000000	NaN	NaN	NaN	NaN	NaN
422.000000	540.540541	1.000000	570.000000	1.000000	540.545600	180.057899	180.124611	-0.017341	-0.000030	-0.018197	-0.000291	0.000000	NaN	NaN	NaN	NaN	NaN
423.000000	540.540541	1.000000	570.000000	1.000000	540.545600	160.110766	160.044053	-0.021330	-0.000026	-0.019247	-0.000267	0.000000	NaN	NaN	NaN	NaN	NaN
424.000000	540.540541	1.000000	570.000000	1.000000	540.545600	140.030207	140.096920	-0.006324	-0.000031	-0.013929	-0.000280	0.000000	NaN	NaN	NaN	NaN	NaN
425.000000	540.540541	1.000000	570.000000	1.000000	540.545600	120.083074	120.149787	-0.000537	-0.000029	-0.010410	-0.000275	0.000000	NaN	NaN	NaN	NaN	NaN
426.000000	540.540541	1.000000	570.000000	1.000000	540.545600	100.135941	100.069229	0.067245	-0.000027	0.021455	-0.000266	0.000000	NaN	NaN	NaN	NaN	NaN
427.000000	540.540541	1.000000	570.000000	1.000000	540.545600	80.055383	80.055383	0.122742	-0.000029	0.049784	-0.000286	0.000000	NaN	NaN	NaN	NaN	NaN
428.000000	540.540541	1.000000	570.000000	1.000000	540.545600	60.108250	60.041537	0.175384	-0.000027	0.076486	-0.000316	0.000000	NaN	NaN	NaN	NaN	NaN
429.000000	540.540541	1.000000	570.000000	1.000000	540.545600	40.027691	40.027691	0.183222	-0.000036	0.078610	-0.000283	0.000000	NaN	NaN	NaN	NaN	NaN
430.000000	540.540541	1.000000	570.000000	1.000000	540.545600	20.080559	20.080559	0.178321	-0.000035	0.075840	-0.000301	0.000000	NaN	NaN	NaN	NaN	NaN
431.000000	540.540541	1.000000	570.000000	1.000000	540.545600	0.133426	0.000000	0.154049	-0.000030	0.066092	-0.000317	0.000000	NaN	NaN	NaN	NaN	NaN
432.000000	540.540541	1.000000	570.000000	1.000000	540.545600	-19.947133	-19.947133	0.090932	-0.000038	0.035259	-0.000300	0.000000	NaN	NaN	NaN	NaN	NaN
433.000000	540.540541	1.000000	570.000000	1.000000	540.545600	-39.894266	-40.027691	0.030356	-0.000042	0.004410	-0.000265	0.000000	NaN	NaN	NaN	NaN	NaN
434.000000	540.540541	1.000000	570.000000	1.000000	540.545600	-59.974824	-59.974824	-0.005460	-0.000030	-0.012013	-0.000308	0.000000	NaN	NaN	NaN	NaN	NaN
435.000000	540.540541	1.000000	570.000000	1.000000	540.545600	-79.921957	-79.921957	-0.022344	-0.000031	-0.019662	-0.000279	0.000000	NaN	NaN	NaN	NaN	NaN
436.000000	540.540541	1.000000	570.000000	1.000000	540.545600	-99.935803	-100.002516	-0.018435	-0.000040	-0.018937	-0.000248	0.000000	NaN	NaN	NaN	NaN	NaN
437.000000	540.540541	1.000000	570.000000	1.000000	540.545600	-119.949649	-119.949649	-0.026147	-0.000036	-0.020885	-0.000284	0.000000	NaN	NaN	NaN	NaN	NaN
438.000000	540.540541	1.000000	570.000000	1.000000	540.545600	-139.963494	-139.896782	-0.017901	-0.000043	-0.018417	-0.000296	0.000000	NaN	NaN	NaN	NaN	NaN
439.000000	540.540541	1.000000	570.000000	1.000000	540.545600	-159.910627	-159.977340	-0.022140	-0.000039	-0.019726	-0.000297	0.000000	NaN	NaN	NaN	NaN	NaN
440.000000	540.540541	1.000000	570.000000	1.000000	540.545600	-179.991186	-179.924473	-0.023262	-0.000032	-0.019632	-0.000293	0.000000	NaN	NaN	NaN	NaN	NaN
441.000000	540.540541	1.000000	570.000000	1.000000	540.545600	-199.938319	-200.005031	-0.024034	-0.000031	-0.020736	-0.000295	0.000000	NaN	NaN	NaN	NaN	NaN
442.000000	537.634409	1.000000	570.000000	1.000000	537.660300	200.005031	200.071744	-0.027619	-0.000036	-0.021391	-0.000292	0.000000	NaN	NaN	NaN	NaN	NaN
443.000000	537.634409	1.000000	570.000000	1.000000	537.660300	180.057899	180.124611	-0.016583	-0.000033	-0.018039	-0.000296	0.000000	NaN	NaN	NaN	NaN	NaN
444.000000	537.634409	1.000000	570.000000	1.000000	537.660300	160.110766	160.044053	-0.013878	-0.000039	-0.016305	-0.000298	0.000000	NaN	NaN	NaN	NaN	NaN
445.000000	537.634409	1.000000	570.000000	1.000000	537.660300	140.030207	140.096920	0.005351	-0.000032	-0.007871	-0.000284	0.000000	NaN	NaN	NaN	NaN	NaN
446.000000	537.634409	1.000000	570.000000	1.000000	537.660300	120.083074	120.149787	0.030834	-0.000031	0.006990	-0.000309	0.000000	NaN	NaN	NaN	NaN	NaN
447.000000	537.634409	1.000000	570.000000	1.000000	537.660300	100.135941	100.069229	0.109311	-0.000025	0.043347	-0.000322	0.000000	NaN	NaN	NaN	NaN	NaN
448.000000	537.634409	1.000000	570.000000	1.000000	537.660300	80.055383	80.055383	0.207666	-0.000031	0.091103	-0.000298	0.000000	NaN	NaN	NaN	NaN	NaN
449.000000	537.634409	1.000000	570.000000	1.000000	537.660300	60.108250	60.041537	0.171577	-0.000030	0.072971	-0.000305	0.000000	NaN	NaN	NaN	NaN	NaN
450.000000	537.634409	1.000000	570.000000	1.000000	537.660300	40.027691	40.027691	0.158979	-0.000028	0.067572	-0.000293	0.000000	NaN	NaN	NaN	NaN	NaN
451.000000	537.634409	1.000000	570.000000	1.000000	537.660300	20.080559	20.080559	0.235599	-0.000026	0.104583	-0.000278	0.000000	NaN	NaN	NaN	NaN	NaN
452.000000	537.634409	1.000000	570.000000	1.000000	537.660300	0.133426	0.000000	0.125498	-0.000031	0.050878	-0.000303	0.000000	NaN	NaN	NaN	NaN	NaN
453.000000	537.634409	1.000000	570.000000	1.000000	537.660300	-19.947133	-19.947133	0.123982	-0.000034	0.049720	-0.000279	0.000000	NaN	NaN	NaN	NaN	NaN
454.000000	537.634409	1.000000	570.000000	1.000000	537.660300	-39.894266	-40.027691	0.032963	-0.000034	0.006668	-0.000286	0.000000	NaN	NaN	NaN	NaN	NaN
455.000000	537.634409	1.000000	570.000000	1.000000	537.660300	-59.974824	-59.974824	-0.016889	-0.000032	-0.016096	-0.000286	0.000000	NaN	NaN	NaN	NaN	NaN
456.000000	537.634409	1.000000	570.000000	1.000000	537.660300	-79.921957	-79.921957	-0.021451	-0.000035	-0.019530	-0.000281	0.000000	NaN	NaN	NaN	NaN	NaN
457.000000	537.634409	1.000000	570.000000	1.000000	537.660300	-99.935803	-100.002516	-0.028639	-0.000035	-0.022545	-0.000271	0.000000	NaN	NaN	NaN	NaN	NaN
458.000000	537.634409	1.000000	570.000000	1.000000	537.660300	-119.949649	-119.949649	-0.018783	-0.000028	-0.018829	-0.000264	0.000000	NaN	NaN	NaN	NaN	NaN
459.000000	537.634409	1.000000	570.000000	1.000000	537.660300	-139.963494	-139.896782	-0.024184	-0.000038	-0.020383	-0.000280	0.000000	NaN	NaN	NaN	NaN	NaN
460.000000	537.634409	1.000000	570.000000	1.000000	537.660300	-159.910627	-159.977340	-0.018706	-0.000033	-0.018643	-0.000283	0.000000	NaN	NaN	NaN	NaN	NaN
461.000000	537.634409	1.000000	570.000000	1.000000	537.660300	-179.991186	-179.924473	-0.026350	-0.000031	-0.021071	-0.000280	0.000000	NaN	NaN	NaN	NaN	NaN
462.000000	537.634409	1.000000	570.000000	1.000000	537.660300	-199.938319	-200.005031	-0.023156	-0.000038	-0.019692	-0.000286	0.000000	NaN	NaN	NaN	NaN	NaN
